23564.340675 
17509.736827 
8629.467174 
6413.717804 
5965.152549 
5638.413550 
4389.633466 
3795.583094 
3211.501933 
2572.551531 
2335.981937 
2223.918806 
1758.273312 
1505.921376 
1422.520228 
1297.674790 
1098.498819 
1048.563182 
 951.599985 
 870.801320 
 799.096743 
 710.274128 
 685.473564 
 636.139722 
 579.074507 
 540.547127 
 514.164210 
 477.800078 
 466.996893 
 406.311553 
 386.816547 
 351.153412 
 319.552268 
 285.991525 
 276.633728 
 269.980780 
 233.334743 
 230.740149 
 213.726918 
 203.675301 
 198.919777 
 191.805190 
 182.062964 
 153.607783 
 153.039062 
 140.525417 
 139.515790 
 128.708702 
 122.996830 
 115.883460 
 110.271132 
 104.572583 
  83.414096 
  79.770596 
  79.760746 
  79.538699 
  79.293139 
  64.684187 
  59.651911 
  59.173289 
  58.687843 
  58.396368 
  55.002121 
  54.644527 
  53.147623 
  52.997781 
  51.722278 
  51.478313 
  50.297269 
  46.995425 
  46.659840 
  45.936039 
  45.811266 
  44.826067 
  42.295576 
  42.249926 
  42.103391 
  41.741373 
  41.679938 
  41.567696 
  41.259325 
  40.846459 
  40.220235 
  40.055334 
  39.383200 
  39.142636 
  39.131791 
  37.130264 
  36.729480 
  36.476516 
  35.143309 
  34.064532 
  33.996407 
  33.371885 
  32.753788 
  30.873905 
  29.977710 
  29.910446 
  29.476348 
  28.814979 
  28.631351 
  28.437481 
  27.813177 
  27.133676 
  26.735711 
  26.381156 
  26.338645 
  26.109978 
  26.094844 
  25.675223 
  25.600600 
  25.258048 
  25.239802 
  24.917796 
  24.557754 
  23.896989 
  23.782855 
  23.107291 
  22.999206 
  22.772465 
  22.641700 
  22.588445 
  22.168716 
  21.991152 
  21.847438 
  21.471758 
  21.183530 
  20.629480 
  20.049405 
  19.797829 
  19.609513 
  18.925901 
  18.803779 
  18.349757 
  18.073726 
  17.434636 
  17.406028 
  17.105635 
  17.093349 
  16.927776 
  16.523403 
  16.191770 
  16.023500 
  15.608561 
  15.025515 
  14.971259 
  14.848322 
  14.443289 
  14.210686 
  13.881112 
  13.798560 
  13.291015 
  13.253194 
  11.917535 
  11.738264 
  11.179420 
  10.428522 
  10.211704 
  10.166164 
   9.914915 
   9.809345 
   9.789737 
   9.596838 
   9.517388 
   9.395143 
   8.904888 
   8.826928 
   8.479684 
   8.340820 
   8.292677 
   8.191039 
   8.016532 
   7.948319 
   7.833943 
   7.645018 
   7.269629 
   7.263053 
   7.113531 
   7.027185 
   6.687881 
   6.111106 
   5.745344 
   5.730000 
   5.646731 
   5.560742 
   5.526879 
   5.169486 
   4.763289 
   4.023145 
   3.648768 
   3.303602 
   1.755780 
   1.578093 
   1.036835 
   0.731870 
   0.601423 
