   1.000000 
   0.594713 
   0.575756 
   0.479507 
   0.476863 
   0.425266 
   0.398259 
   0.378809 
   0.375017 
   0.373073 
   0.362447 
   0.350165 
   0.345531 
   0.331441 
   0.326326 
   0.325463 
   0.305359 
   0.292472 
   0.286873 
   0.286195 
   0.283600 
   0.280770 
   0.277316 
   0.270340 
   0.264887 
   0.264182 
   0.260028 
   0.259962 
   0.258801 
   0.248757 
   0.244916 
   0.242991 
   0.242973 
   0.234039 
   0.232780 
   0.228485 
   0.228269 
   0.224941 
   0.224182 
   0.221861 
   0.216166 
   0.215877 
   0.215642 
   0.210827 
   0.208869 
   0.208351 
   0.207800 
   0.206265 
   0.201800 
   0.201125 
   0.201089 
   0.195171 
   0.193237 
   0.193145 
   0.189877 
   0.189714 
   0.188300 
   0.185998 
   0.185371 
   0.183526 
   0.175582 
   0.175084 
   0.174964 
   0.174000 
   0.171059 
   0.164285 
   0.159605 
   0.159000 
   0.154752 
   0.154153 
   0.152041 
   0.151761 
   0.151117 
   0.148500 
   0.147893 
   0.147144 
   0.147067 
   0.146793 
   0.146026 
   0.142416 
   0.141728 
   0.139163 
   0.136862 
   0.136331 
   0.133520 
   0.132943 
   0.129776 
   0.127914 
   0.127569 
   0.127197 
   0.125728 
   0.123246 
   0.123153 
   0.122542 
   0.122410 
   0.122329 
   0.121743 
   0.121017 
   0.120053 
   0.118073 
   0.117870 
   0.116370 
   0.113451 
   0.110646 
   0.107884 
   0.107124 
   0.105187 
   0.103907 
   0.100632 
   0.098557 
   0.098536 
   0.092755 
   0.091660 
   0.088080 
   0.087929 
   0.087255 
   0.087095 
   0.085872 
   0.085271 
   0.084815 
   0.082495 
   0.080273 
   0.078558 
   0.077724 
   0.075776 
   0.073211 
   0.072847 
   0.072787 
   0.071394 
   0.067153 
   0.066863 
   0.064773 
   0.064659 
   0.064205 
   0.058841 
   0.057512 
   0.055960 
   0.052103 
   0.051670 
   0.049735 
   0.047068 
   0.045039 
   0.036847 
   0.034072 
   0.033026 
   0.031582 
   0.031053 
   0.030736 
   0.030232 
   0.023007 
   0.022563 
   0.021544 
   0.017120 
   0.016445 
   0.015939 
   0.011982 
   0.010274 
   0.008166 
   0.008133 
   0.005886 
   0.004987 
   0.001353 
   0.000566 
  -0.000886 
  -0.005709 
  -0.008086 
  -0.009943 
  -0.012740 
  -0.015268 
  -0.018669 
  -0.022854 
  -0.023281 
  -0.024344 
  -0.024844 
  -0.026428 
  -0.030595 
  -0.035466 
  -0.036323 
  -0.036953 
  -0.042895 
  -0.050053 
  -0.058478 
  -0.058523 
  -0.058664 
  -0.059515 
  -0.059747 
  -0.068126 
  -0.073616 
  -0.075661 
  -0.085996 
  -0.087655 
  -0.090224 
  -0.093601 
  -0.102462 
  -0.143916 
  -0.147213 
