16156.904590 
12675.498132 
8620.635535 
6673.878988 
5805.387167 
5206.809157 
3816.298786 
3587.611067 
2782.571789 
2507.392972 
2366.636238 
2235.550789 
1760.400187 
1609.966813 
1575.315957 
1509.992687 
1361.262801 
1294.827587 
1260.812747 
1053.893371 
1033.144466 
1014.165066 
 969.581618 
 914.039940 
 809.020529 
 779.517064 
 709.045333 
 658.940491 
 614.161583 
 586.353302 
 575.172721 
 550.606934 
 504.956587 
 500.725794 
 475.315797 
 452.102506 
 410.054873 
 397.303523 
 378.251308 
 360.219154 
 346.353647 
 325.821653 
 307.375887 
 304.445171 
 296.573426 
 288.615743 
 269.399453 
 255.414971 
 246.845083 
 232.485647 
 219.988873 
 217.378548 
 204.963989 
 195.147144 
 190.689221 
 183.581270 
 178.096524 
 169.807981 
 159.408274 
 158.653884 
 153.291179 
 146.262107 
 145.328475 
 142.616991 
 135.059323 
 127.435298 
 121.181789 
 117.824600 
 107.497446 
 105.932046 
  98.916669 
  97.080706 
  94.905701 
  86.794458 
  84.783792 
  83.494795 
  79.452703 
  76.027298 
  72.400789 
  69.083655 
  66.630102 
  65.984078 
  65.098123 
  62.839439 
  58.873220 
  57.627955 
  53.084417 
  52.735601 
  50.506899 
  47.881872 
  45.345098 
  43.341364 
  41.779319 
  39.933162 
  39.058056 
  38.283406 
  36.937775 
  35.900959 
  34.809835 
  33.131711 
  30.912802 
  30.599471 
  28.816999 
  27.903300 
  27.502094 
  26.474403 
  25.580886 
  24.728608 
  22.693227 
  22.112108 
  21.258251 
  19.182534 
  18.738369 
  18.206580 
  17.751627 
  16.821569 
  16.166600 
  15.566789 
  15.005865 
  14.718106 
  13.886455 
  13.031079 
  12.587717 
  12.281909 
  11.429739 
  10.785286 
  10.404007 
   9.803192 
   9.473136 
   9.023074 
   8.747449 
   8.351559 
   7.610315 
   7.295689 
   7.025793 
   6.542251 
   6.008331 
   6.001372 
   5.839668 
   5.686796 
   5.553194 
   5.114843 
   4.901234 
   4.558948 
   4.362203 
   4.262286 
   3.774760 
   3.702236 
   3.503360 
   3.381147 
   3.028109 
   2.985315 
   2.749682 
   2.686524 
   2.577571 
   2.375683 
   2.245611 
   2.167147 
   1.918231 
   1.743327 
   1.709239 
   1.640773 
   1.462273 
   1.371614 
   1.262145 
   1.187542 
   1.080791 
   0.886156 
   0.854014 
   0.818948 
   0.763823 
   0.740387 
   0.701492 
   0.598259 
   0.525154 
   0.485594 
   0.437981 
   0.365401 
   0.330391 
   0.276951 
   0.239777 
   0.199072 
   0.185373 
   0.143388 
   0.131732 
   0.085501 
   0.079880 
   0.067703 
   0.060557 
   0.046430 
   0.029731 
   0.021015 
   0.014186 
   0.010592 
   0.006204 
   0.002772 
