14717.534751 
11223.390518 
8543.809294 
5507.811727 
3717.289643 
2674.997713 
1848.923872 
1723.479993 
1270.219674 
1200.025048 
1068.805664 
 915.425092 
 843.254731 
 820.246134 
 713.007762 
 606.367010 
 578.879762 
 511.517994 
 484.976395 
 389.429576 
 376.675806 
 349.002040 
 317.647146 
 291.214329 
 277.347815 
 248.217975 
 232.600243 
 217.933584 
 202.024041 
 192.033006 
 170.791401 
 170.112956 
 153.363808 
 140.699916 
 137.188226 
 125.509827 
 115.589899 
 109.760370 
 100.367542 
  98.901476 
  90.693949 
  90.144966 
  84.338979 
  78.173097 
  74.879407 
  72.027997 
  67.668774 
  64.248819 
  61.774404 
  57.039248 
  54.485669 
  51.654755 
  49.107185 
  44.445440 
  43.232219 
  41.389009 
  40.448573 
  39.327549 
  35.728800 
  33.495455 
  32.844172 
  30.534003 
  30.108069 
  26.911184 
  25.660375 
  25.275209 
  23.050966 
  21.520816 
  21.153807 
  20.673129 
  19.035073 
  17.965941 
  17.266250 
  16.113102 
  15.140586 
  14.864178 
  13.676118 
  12.960178 
  12.013957 
  11.709381 
  11.018089 
  10.800289 
   9.921948 
   9.366758 
   8.991792 
   8.799358 
   8.458002 
   7.852757 
   7.427245 
   7.034771 
   6.596483 
   6.392695 
   5.758749 
   5.504760 
   5.355893 
   5.231508 
   4.873364 
   4.728572 
   4.470615 
   4.173461 
   4.065381 
   3.599025 
   3.483663 
   3.410655 
   3.211895 
   3.000368 
   2.846136 
   2.711617 
   2.536917 
   2.426310 
   2.229746 
   1.989354 
   1.844408 
   1.793901 
   1.689826 
   1.605751 
   1.503160 
   1.434811 
   1.314492 
   1.223368 
   1.182813 
   1.133835 
   1.128213 
   1.055966 
   0.949839 
   0.898700 
   0.884906 
   0.780662 
   0.692804 
   0.662817 
   0.636510 
   0.605405 
   0.577137 
   0.553512 
   0.492921 
   0.459642 
   0.410025 
   0.381792 
   0.358416 
   0.321603 
   0.292635 
   0.251258 
   0.216591 
   0.199219 
   0.189565 
   0.176594 
   0.167078 
   0.151561 
   0.127651 
   0.116873 
   0.105998 
   0.100344 
   0.091323 
   0.078678 
   0.074897 
   0.062596 
   0.050470 
   0.048662 
   0.041623 
   0.035525 
   0.028669 
   0.026445 
   0.016966 
   0.015447 
   0.013181 
   0.010791 
   0.010161 
   0.009075 
   0.008652 
   0.005398 
   0.004979 
   0.003450 
   0.002549 
   0.002057 
   0.001211 
   0.000644 
   0.000431 
   0.000325 
   0.000108 
   0.000036 
   0.000018 
   0.000004 
   0.000003 
   0.000001 
   0.000000 
   0.000000 
   0.000000 
   0.000000 
   0.000000 
   0.000000 
   0.000000 
   0.000000 
   0.000000 
   0.000000 
   0.000000 
   0.000000 
