   0.553247 
   0.487781 
   0.454978 
   0.454613 
   0.381035 
   0.362504 
   0.360507 
   0.351003 
   0.335175 
   0.324873 
   0.301182 
   0.293044 
   0.285973 
   0.281990 
   0.259006 
   0.257033 
   0.253842 
   0.251117 
   0.248100 
   0.242983 
   0.236432 
   0.225348 
   0.222503 
   0.219859 
   0.217855 
   0.215821 
   0.215261 
   0.213528 
   0.213256 
   0.211680 
   0.211179 
   0.207247 
   0.206052 
   0.202741 
   0.202384 
   0.191754 
   0.186247 
   0.184920 
   0.184206 
   0.183218 
   0.179257 
   0.178214 
   0.170824 
   0.168438 
   0.166084 
   0.160525 
   0.160415 
   0.159766 
   0.159079 
   0.158721 
   0.157921 
   0.156590 
   0.155126 
   0.154852 
   0.154210 
   0.150559 
   0.149946 
   0.149753 
   0.149642 
   0.148716 
   0.144562 
   0.141472 
   0.141118 
   0.140952 
   0.139152 
   0.133441 
   0.130019 
   0.129985 
   0.128871 
   0.126990 
   0.126375 
   0.125220 
   0.125194 
   0.123485 
   0.119584 
   0.119347 
   0.116887 
   0.115374 
   0.113871 
   0.113749 
   0.109690 
   0.105339 
   0.104700 
   0.102256 
   0.100612 
   0.099998 
   0.099864 
   0.098654 
   0.096092 
   0.093986 
   0.093646 
   0.091068 
   0.089712 
   0.088732 
   0.088261 
   0.087942 
   0.086897 
   0.084792 
   0.082497 
   0.082335 
   0.081871 
   0.081608 
   0.081450 
   0.080925 
   0.080782 
   0.079992 
   0.079121 
   0.077513 
   0.075356 
   0.074455 
   0.073210 
   0.070066 
   0.069066 
   0.063797 
   0.062871 
   0.062738 
   0.062457 
   0.061460 
   0.057231 
   0.056582 
   0.055021 
   0.054716 
   0.054524 
   0.053594 
   0.048751 
   0.048709 
   0.046565 
   0.042697 
   0.039381 
   0.039123 
   0.038979 
   0.038466 
   0.036146 
   0.035612 
   0.034276 
   0.034027 
   0.032421 
   0.032191 
   0.030057 
   0.028225 
   0.027979 
   0.027419 
   0.024843 
   0.021622 
   0.019156 
   0.017020 
   0.014156 
   0.010769 
   0.009072 
   0.008252 
   0.007325 
   0.007229 
   0.005191 
   0.004535 
   0.003499 
   0.001996 
   0.001616 
   0.001608 
  -0.003937 
  -0.009011 
  -0.010133 
  -0.013469 
  -0.014705 
  -0.014942 
  -0.016801 
  -0.018366 
  -0.023996 
  -0.025684 
  -0.031222 
  -0.033760 
  -0.034791 
  -0.037182 
  -0.040327 
  -0.043505 
  -0.044467 
  -0.046485 
  -0.046904 
  -0.057199 
  -0.064613 
  -0.065490 
  -0.065505 
  -0.066752 
  -0.070596 
  -0.071545 
  -0.072837 
  -0.075069 
  -0.077851 
  -0.079966 
  -0.080319 
  -0.082634 
  -0.103383 
  -0.104863 
  -0.113334 
  -0.119727 
  -0.158967 
  -0.239017 
