24979.455464 
18638.626959 
14781.960529 
6979.027229 
5866.112422 
3815.988005 
3322.457759 
2920.591936 
2711.919817 
1685.708531 
1544.022786 
1118.552039 
 965.976682 
 755.140537 
 720.879308 
 715.809550 
 686.510971 
 628.278562 
 627.829455 
 479.235734 
 390.343040 
 359.971417 
 350.228746 
 333.819029 
 293.208630 
 291.836284 
 279.071141 
 278.549899 
 273.185816 
 264.744195 
 262.744296 
 254.760302 
 250.343686 
 247.323243 
 238.704489 
 236.785220 
 229.307671 
 220.684650 
 211.406618 
 201.271812 
 201.244592 
 186.383765 
 185.061292 
 184.830469 
 182.740130 
 179.862040 
 177.472618 
 177.380582 
 176.693651 
 174.639458 
 173.736103 
 173.541991 
 164.097187 
 162.850147 
 160.496133 
 159.062146 
 158.260510 
 157.878861 
 153.415680 
 153.195843 
 152.620977 
 151.686926 
 151.279057 
 150.534880 
 150.470782 
 150.387222 
 148.143996 
 145.704011 
 143.613375 
 141.820972 
 140.931604 
 134.592395 
 133.852782 
 132.293975 
 132.063616 
 131.423979 
 126.721179 
 125.938800 
 122.081182 
 118.768250 
 118.518733 
 116.526200 
 114.840717 
 114.785838 
 112.048777 
 110.589618 
 110.128412 
 109.367345 
 108.981851 
 108.399571 
 106.364797 
 103.166555 
 100.850306 
  98.852585 
  95.141400 
  94.157900 
  91.717970 
  89.875975 
  88.003601 
  87.667793 
  87.574263 
  83.395309 
  78.301171 
  77.340090 
  76.440998 
  75.054599 
  74.240400 
  72.340482 
  69.937337 
  69.003100 
  66.249994 
  59.716237 
  55.826830 
  55.599572 
  55.066812 
  54.041981 
  53.399527 
  52.325583 
  52.325500 
  51.753676 
  51.457100 
  51.367100 
  49.850894 
  47.857975 
  46.570469 
  46.435372 
  46.078775 
  45.554147 
  45.263775 
  44.097600 
  44.035216 
  42.984975 
  42.920701 
  41.332319 
  39.437829 
  39.221033 
  39.192604 
  39.040839 
  37.740563 
  36.040494 
  35.798698 
  34.899600 
  34.825192 
  33.897883 
  32.411900 
  30.066775 
  29.972775 
  29.817329 
  29.536775 
  29.028775 
  28.699410 
  28.631900 
  28.124975 
  24.846842 
  24.338975 
  24.002400 
  23.684825 
  22.225900 
  21.544800 
  21.221990 
  20.192945 
  19.070975 
  18.769775 
  18.268975 
  17.857900 
  17.588893 
  16.754375 
  16.577100 
  16.293600 
  16.003900 
  14.397775 
  14.143975 
  14.010775 
  13.732400 
  13.117500 
  12.818775 
  12.187500 
  10.654375 
  10.081975 
   9.568775 
   8.911975 
   8.494375 
   8.351600 
   7.090775 
   7.058400 
   6.128400 
   6.092775 
   5.974375 
   4.985975 
   4.749775 
   4.092400 
   3.575775 
   2.375600 
   1.964400 
   1.687500 
   1.472975 
