22108.149928 
17491.769452 
9531.115005 
6394.547145 
6182.859380 
5118.291884 
3077.232941 
2198.546052 
1692.692939 
1612.218297 
1395.795923 
1092.938125 
 956.499597 
 759.370668 
 532.808542 
 488.203179 
 474.092259 
 465.239725 
 446.240316 
 394.668295 
 358.770645 
 358.197413 
 345.362555 
 329.726750 
 324.768324 
 314.266669 
 305.411142 
 304.734003 
 301.952595 
 298.645358 
 284.997253 
 269.984181 
 268.594408 
 268.317235 
 260.133100 
 259.206908 
 255.512273 
 253.980383 
 248.483053 
 247.223029 
 238.622383 
 235.269668 
 230.793030 
 226.340506 
 222.551251 
 219.763754 
 219.004276 
 217.181638 
 214.785005 
 212.444540 
 212.024060 
 211.930008 
 206.508045 
 204.846946 
 204.154735 
 202.995001 
 202.263598 
 200.727555 
 195.754689 
 192.878365 
 192.859269 
 192.754312 
 189.183383 
 189.145854 
 187.992924 
 184.751874 
 184.239140 
 183.865171 
 183.697515 
 182.573912 
 182.236590 
 181.912718 
 175.205775 
 171.693124 
 170.390172 
 169.669825 
 165.571540 
 160.263182 
 157.995792 
 155.384453 
 151.382197 
 150.735609 
 150.629891 
 148.563224 
 148.192975 
 140.754851 
 140.357923 
 139.925551 
 132.319517 
 129.545876 
 129.329886 
 127.866157 
 125.324645 
 125.022042 
 124.922879 
 123.936063 
 123.636465 
 123.244806 
 123.198592 
 122.347160 
 121.921862 
 118.775245 
 112.498058 
 110.225472 
 106.330452 
 101.351277 
  96.929454 
  95.919466 
  93.423900 
  92.389474 
  91.511363 
  90.507457 
  87.247942 
  81.861008 
  80.948507 
  79.827099 
  78.750000 
  77.999375 
  77.436504 
  75.835204 
  74.392305 
  72.760925 
  72.163374 
  71.161198 
  68.445775 
  63.184975 
  63.048947 
  61.925909 
  61.387314 
  59.559305 
  58.680475 
  57.961276 
  57.732802 
  57.644375 
  57.289034 
  53.259399 
  52.875548 
  51.677036 
  50.791900 
  49.875199 
  44.823474 
  44.777364 
  41.618775 
  37.624375 
  37.189375 
  36.473100 
  36.115482 
  33.236949 
  30.453600 
  29.952400 
  29.221959 
  28.620098 
  25.227975 
  21.749738 
  20.727775 
  20.028975 
  19.437500 
  15.971900 
  15.347900 
  15.317600 
  15.253975 
  14.511600 
  14.451958 
  14.229775 
  13.856775 
  12.407500 
  11.286400 
  11.236975 
  10.944375 
   8.459100 
   8.263100 
   8.174400 
   7.677975 
   6.748975 
   6.687775 
   6.577975 
   5.638975 
   4.459975 
   3.693975 
   3.274375 
   3.203100 
   3.101975 
   2.598775 
   2.519375 
   2.431900 
   2.350400 
   2.267500 
   2.111100 
   2.094375 
   1.474375 
   0.974975 
   0.954375 
   0.655600 
   0.620975 
   0.158400 
   0.069100 
