21356.606375 
16424.228479 
9610.498552 
7765.728327 
6400.666805 
5637.361133 
5124.873306 
4106.034222 
3287.789690 
2904.617507 
2289.719923 
1975.085693 
1505.112679 
1474.187724 
1254.890825 
1181.646899 
1044.003777 
 998.294421 
 837.979972 
 734.870992 
 699.913751 
 667.090369 
 637.809753 
 621.011885 
 613.028879 
 564.357978 
 522.369192 
 446.263337 
 427.728980 
 419.097861 
 363.919768 
 340.128914 
 337.261468 
 335.852215 
 311.447450 
 280.268374 
 263.861827 
 250.260907 
 240.696245 
 239.148961 
 238.556091 
 177.972472 
 173.887468 
 155.726547 
 153.362470 
 145.383711 
 138.345157 
 135.309257 
 132.378130 
 116.999130 
  97.610839 
  92.773861 
  90.898398 
  88.854904 
  88.685781 
  81.324298 
  80.561537 
  72.199268 
  71.741978 
  69.374780 
  65.132918 
  63.246286 
  60.402428 
  57.075837 
  54.184851 
  53.843287 
  53.385463 
  52.347778 
  50.895039 
  45.376020 
  43.869679 
  42.755946 
  42.445707 
  42.442334 
  40.948486 
  40.384353 
  40.104070 
  39.903872 
  39.003147 
  38.582473 
  38.061913 
  37.288454 
  37.148401 
  36.020146 
  34.014426 
  33.903040 
  33.681425 
  33.384496 
  32.305562 
  32.154787 
  31.956766 
  31.756107 
  31.656077 
  29.494827 
  29.231959 
  28.537934 
  27.340194 
  27.177374 
  26.498530 
  26.423809 
  26.118367 
  25.947492 
  25.946545 
  25.655052 
  24.732132 
  24.533317 
  24.435568 
  24.190055 
  23.866561 
  23.178453 
  23.162379 
  22.796734 
  22.362998 
  22.216966 
  22.140123 
  22.028530 
  21.915956 
  21.816619 
  21.430179 
  21.402697 
  21.400324 
  21.379341 
  21.097392 
  20.972546 
  19.728308 
  19.390784 
  18.919650 
  18.836180 
  18.828538 
  18.564609 
  18.384089 
  17.828021 
  17.802909 
  17.760099 
  17.599832 
  17.290747 
  17.154644 
  17.091454 
  17.043896 
  16.616348 
  16.493739 
  16.009927 
  15.537122 
  15.369401 
  15.318644 
  15.054728 
  14.885874 
  14.758235 
  14.730212 
  14.028242 
  13.739886 
  13.610218 
  13.233102 
  13.125489 
  12.780200 
  12.642488 
  12.628527 
  12.259733 
  11.837141 
  11.619624 
  11.590967 
  11.244953 
  11.170792 
  10.861564 
  10.073591 
   9.059698 
   8.886655 
   8.667070 
   8.475230 
   8.190452 
   8.109791 
   7.025320 
   6.900285 
   6.782423 
   6.732643 
   6.124709 
   5.947453 
   5.504562 
   5.204419 
   5.134487 
   4.777104 
   4.648236 
   4.356179 
   4.270651 
   3.994148 
   3.980004 
   3.562912 
   3.409008 
   3.346781 
   3.132698 
   2.844940 
   2.606621 
   2.317086 
   2.225835 
   0.998197 
   0.217775 
