15018.403009 
10180.135479 
8820.021294 
6089.181594 
4761.636879 
4209.426035 
3315.399937 
2938.725041 
2734.442967 
2581.736620 
1860.137754 
1651.195097 
1447.950831 
1355.207685 
1256.498048 
1146.839301 
1105.402647 
 993.542265 
 893.917736 
 838.134402 
 807.901046 
 699.157028 
 638.894035 
 605.362381 
 509.341043 
 496.831076 
 472.653187 
 423.971806 
 387.238512 
 344.279494 
 323.531828 
 314.509225 
 305.917176 
 289.420987 
 266.134989 
 246.874031 
 240.009999 
 219.974114 
 219.024338 
 200.744200 
 194.858366 
 179.654150 
 173.160780 
 165.478495 
 163.472465 
 156.870150 
 136.294645 
 131.431770 
 129.525375 
 125.952515 
 113.673844 
 110.210068 
 101.052381 
  96.357163 
  94.118388 
  91.959760 
  87.383492 
  84.203732 
  81.553840 
  79.987334 
  76.118774 
  74.224663 
  66.778379 
  64.989936 
  63.645581 
  61.308653 
  58.467727 
  56.780961 
  55.621881 
  50.235268 
  49.184024 
  45.479217 
  44.201974 
  42.673440 
  41.812125 
  39.158769 
  38.869987 
  36.476718 
  35.334262 
  34.463511 
  33.027036 
  30.393474 
  30.046032 
  28.737914 
  27.712787 
  27.421278 
  26.402541 
  25.404818 
  24.696414 
  23.345643 
  21.638962 
  20.834041 
  20.258538 
  19.749628 
  18.793577 
  17.910345 
  16.754707 
  16.138118 
  15.787727 
  15.597842 
  15.226092 
  13.710391 
  13.115990 
  12.542551 
  12.261420 
  11.683476 
  10.766261 
  10.301029 
   9.912524 
   9.587037 
   8.787498 
   8.541222 
   8.447191 
   8.309066 
   7.765088 
   6.846435 
   6.472300 
   6.358812 
   6.103655 
   5.726480 
   5.524425 
   5.144925 
   5.102389 
   4.908748 
   4.563235 
   4.377063 
   4.258385 
   4.132702 
   3.952533 
   3.743223 
   3.609845 
   3.296380 
   3.156080 
   3.002204 
   2.895573 
   2.654082 
   2.577417 
   2.357385 
   2.155513 
   2.089505 
   1.960159 
   1.915668 
   1.760059 
   1.725973 
   1.622851 
   1.582503 
   1.424052 
   1.328208 
   1.284335 
   1.207789 
   1.102404 
   1.060767 
   0.973914 
   0.887577 
   0.764173 
   0.703053 
   0.678049 
   0.633811 
   0.584295 
   0.509346 
   0.494856 
   0.458705 
   0.446337 
   0.385483 
   0.362690 
   0.320986 
   0.301488 
   0.272522 
   0.235558 
   0.218632 
   0.207444 
   0.153722 
   0.138813 
   0.116016 
   0.109288 
   0.088496 
   0.078221 
   0.069780 
   0.062094 
   0.049364 
   0.048611 
   0.040957 
   0.036589 
   0.029162 
   0.022929 
   0.018312 
   0.014509 
   0.010409 
   0.009129 
   0.006573 
   0.004754 
   0.002937 
   0.000748 
   0.000492 
   0.000252 
   0.000074 
