   0.992462 
   0.805912 
   0.446710 
   0.439043 
   0.394495 
   0.391067 
   0.378580 
   0.327048 
   0.326202 
   0.324561 
   0.303729 
   0.301634 
   0.296341 
   0.288771 
   0.283615 
   0.270573 
   0.267285 
   0.263870 
   0.257481 
   0.255715 
   0.255408 
   0.247267 
   0.239104 
   0.238451 
   0.236002 
   0.234345 
   0.216295 
   0.213086 
   0.204331 
   0.202293 
   0.200650 
   0.197445 
   0.194732 
   0.188702 
   0.186083 
   0.186023 
   0.185691 
   0.183690 
   0.176115 
   0.176092 
   0.173349 
   0.171349 
   0.169770 
   0.165044 
   0.161386 
   0.157758 
   0.153096 
   0.151591 
   0.149207 
   0.147339 
   0.144034 
   0.142494 
   0.142410 
   0.140162 
   0.139950 
   0.136985 
   0.133612 
   0.131755 
   0.131396 
   0.127703 
   0.127121 
   0.126985 
   0.126593 
   0.126215 
   0.125413 
   0.124043 
   0.123381 
   0.123067 
   0.121837 
   0.121806 
   0.119806 
   0.112649 
   0.111146 
   0.110731 
   0.108792 
   0.108055 
   0.106684 
   0.106118 
   0.105573 
   0.104697 
   0.104570 
   0.103318 
   0.100847 
   0.100179 
   0.100104 
   0.099796 
   0.099315 
   0.098741 
   0.096603 
   0.095055 
   0.093966 
   0.093785 
   0.091894 
   0.091305 
   0.090418 
   0.088188 
   0.088008 
   0.086326 
   0.084008 
   0.076734 
   0.075665 
   0.074284 
   0.066131 
   0.065397 
   0.064175 
   0.063169 
   0.062395 
   0.059716 
   0.058560 
   0.053230 
   0.053150 
   0.053077 
   0.052966 
   0.052922 
   0.052237 
   0.052039 
   0.051051 
   0.050811 
   0.050362 
   0.049533 
   0.047535 
   0.047274 
   0.046934 
   0.046896 
   0.046239 
   0.046115 
   0.040413 
   0.037485 
   0.035137 
   0.034970 
   0.033705 
   0.033389 
   0.031865 
   0.031747 
   0.031415 
   0.029319 
   0.026648 
   0.026338 
   0.026281 
   0.026181 
   0.024247 
   0.023057 
   0.022254 
   0.021985 
   0.013285 
   0.012830 
   0.012776 
   0.007598 
   0.002511 
  -0.000140 
  -0.000197 
  -0.000442 
  -0.002756 
  -0.005476 
  -0.006339 
  -0.007818 
  -0.010448 
  -0.011064 
  -0.013880 
  -0.014623 
  -0.014862 
  -0.016892 
  -0.016931 
  -0.017128 
  -0.018855 
  -0.019296 
  -0.019494 
  -0.019520 
  -0.022724 
  -0.023238 
  -0.023841 
  -0.025431 
  -0.026808 
  -0.030988 
  -0.037382 
  -0.044062 
  -0.047125 
  -0.047403 
  -0.048216 
  -0.048496 
  -0.052471 
  -0.055608 
  -0.065394 
  -0.066260 
  -0.066771 
  -0.070677 
  -0.073437 
  -0.076961 
  -0.077779 
  -0.082113 
  -0.086947 
  -0.099509 
  -0.134069 
  -0.134536 
  -0.156329 
  -0.157607 
