14207.542602 
10682.811204 
9069.137824 
7426.029197 
6056.621770 
5424.817979 
4891.726989 
4298.801728 
3823.681948 
3601.974794 
3235.643254 
2741.037585 
2225.796200 
2015.492963 
1841.624057 
1636.224373 
1448.576262 
1391.384106 
1236.810581 
1126.392996 
1088.290760 
1020.847712 
 881.122627 
 870.154002 
 781.514168 
 735.161642 
 669.169103 
 632.743585 
 576.100158 
 532.881439 
 517.384030 
 464.644171 
 455.354719 
 425.942615 
 423.241693 
 379.248694 
 355.818409 
 301.168305 
 285.067016 
 275.621824 
 235.194222 
 234.493933 
 219.606151 
 207.453289 
 198.545031 
 193.563509 
 187.315151 
 169.734796 
 166.120200 
 142.359093 
 138.224499 
 137.282358 
 116.470420 
 104.902242 
 104.589086 
 102.116712 
 100.139462 
  92.710430 
  87.943489 
  82.007477 
  81.517759 
  79.017226 
  77.130498 
  75.589708 
  74.947548 
  72.614527 
  71.106051 
  69.713799 
  68.412963 
  63.677257 
  57.476379 
  57.369264 
  57.327430 
  55.806938 
  53.624145 
  52.145582 
  51.891418 
  51.144447 
  49.540497 
  49.089619 
  47.920501 
  47.886412 
  47.858235 
  47.706203 
  46.708522 
  46.262173 
  46.182942 
  44.185295 
  43.781709 
  43.573761 
  43.506621 
  43.488272 
  43.485779 
  43.104104 
  42.798156 
  42.599721 
  42.152059 
  42.117260 
  42.087654 
  41.612546 
  40.074909 
  40.050145 
  39.247621 
  39.067904 
  38.377337 
  38.017908 
  38.004340 
  37.744957 
  37.672780 
  36.943699 
  36.610727 
  36.465185 
  35.887014 
  35.586977 
  35.484835 
  35.341150 
  34.894806 
  34.047390 
  33.944250 
  33.842553 
  33.093231 
  31.529994 
  30.938189 
  28.590240 
  28.240080 
  27.514943 
  26.843582 
  26.338492 
  26.054096 
  24.260150 
  23.580839 
  23.558704 
  22.874360 
  22.855211 
  22.777692 
  21.960798 
  21.523221 
  21.161936 
  21.128258 
  20.860747 
  20.073553 
  19.819872 
  19.807123 
  19.749829 
  19.503971 
  18.679890 
  18.509061 
  18.357015 
  17.843025 
  17.812218 
  17.805047 
  17.466198 
  17.057132 
  16.081641 
  15.452351 
  15.167060 
  14.849208 
  14.750708 
  14.682626 
  14.642683 
  13.976608 
  13.531180 
  13.450739 
  12.405652 
  12.096130 
  12.024342 
  12.018321 
  11.088132 
  10.859749 
  10.169475 
   9.579019 
   9.152089 
   8.467571 
   8.417113 
   8.389296 
   8.294037 
   7.937858 
   7.741665 
   7.508593 
   7.247804 
   6.783769 
   6.720619 
   6.714143 
   6.291342 
   6.210716 
   6.125489 
   5.844356 
   4.560517 
   3.900170 
   3.849357 
   3.678718 
   3.445413 
   2.824776 
   1.992988 
   0.911359 
   0.901020 
