17992.168920 
12755.974648 
7627.013449 
6172.476593 
5297.594507 
4728.245316 
3408.805129 
2596.414677 
2363.853569 
2002.533149 
1560.914231 
1303.893339 
1174.849660 
1126.660779 
 924.002625 
 819.899724 
 799.610983 
 723.883395 
 606.635405 
 571.170102 
 519.109721 
 502.149541 
 485.438306 
 451.404572 
 421.270998 
 402.342896 
 351.881326 
 322.063308 
 312.282400 
 281.340183 
 273.024991 
 265.121696 
 257.237629 
 237.035301 
 218.397467 
 203.422258 
 198.051774 
 190.271291 
 178.758013 
 169.386578 
 162.056645 
 148.805421 
 145.451087 
 138.493054 
 135.504733 
 129.046608 
 117.625399 
 113.613641 
 110.722459 
 105.977396 
 101.944337 
  99.876995 
  93.924030 
  89.828641 
  85.960395 
  79.982862 
  76.227927 
  71.909124 
  69.716250 
  67.621977 
  66.381827 
  63.756814 
  60.513148 
  56.493095 
  55.114838 
  54.055519 
  50.534054 
  47.749880 
  46.341455 
  44.576472 
  43.603929 
  41.543431 
  38.891275 
  38.002901 
  37.032560 
  35.696569 
  33.876651 
  32.134592 
  30.774426 
  29.265653 
  28.874273 
  27.782717 
  26.709075 
  25.943026 
  24.887975 
  24.218137 
  22.372757 
  22.063282 
  20.781439 
  20.239114 
  19.442660 
  18.959527 
  18.051082 
  16.929205 
  16.628410 
  15.728165 
  14.774181 
  14.232050 
  14.160714 
  13.285904 
  13.009190 
  12.733042 
  12.501294 
  12.143082 
  10.949573 
  10.570875 
   9.876065 
   9.735839 
   9.414677 
   8.866541 
   8.314866 
   8.188494 
   7.531583 
   7.405232 
   7.078899 
   6.851847 
   6.557265 
   6.310269 
   5.814267 
   5.480315 
   5.238568 
   4.930976 
   4.633504 
   4.369661 
   4.230105 
   3.944797 
   3.872011 
   3.704782 
   3.656988 
   3.456653 
   3.037599 
   2.891863 
   2.696724 
   2.509831 
   2.336233 
   2.254510 
   2.190689 
   2.015521 
   1.907196 
   1.863093 
   1.637988 
   1.635093 
   1.578617 
   1.449415 
   1.325010 
   1.294001 
   1.213582 
   1.168048 
   1.089387 
   1.016574 
   0.915999 
   0.878057 
   0.815302 
   0.784329 
   0.718447 
   0.683900 
   0.662649 
   0.588101 
   0.564202 
   0.490437 
   0.445572 
   0.391297 
   0.360923 
   0.334089 
   0.304680 
   0.289741 
   0.271027 
   0.252547 
   0.243824 
   0.210813 
   0.190085 
   0.155999 
   0.138075 
   0.121956 
   0.113420 
   0.110340 
   0.088037 
   0.070367 
   0.068388 
   0.055983 
   0.052208 
   0.036439 
   0.034020 
   0.023883 
   0.018379 
   0.016127 
   0.014170 
   0.013039 
   0.008253 
   0.005482 
   0.004221 
   0.003381 
   0.002173 
   0.001478 
   0.000870 
   0.000287 
