14500.079884 
10748.229432 
7700.396831 
7116.650984 
4765.796998 
4438.069475 
3647.479805 
2823.133079 
2660.993815 
2449.038333 
2406.840102 
2134.945644 
1801.366371 
1690.569267 
1685.088318 
1537.914246 
1438.304420 
1173.283037 
1106.681802 
 971.576003 
 959.149791 
 903.242187 
 785.991062 
 770.475399 
 702.659558 
 699.891030 
 647.902774 
 618.235232 
 564.869874 
 554.178918 
 470.269349 
 428.769902 
 409.648756 
 402.295950 
 400.302483 
 380.425682 
 332.448033 
 324.220026 
 313.373860 
 311.403317 
 279.557658 
 266.743849 
 264.702610 
 234.015883 
 227.501790 
 217.201470 
 212.539376 
 206.388454 
 156.282386 
 152.686468 
 149.756907 
 129.012709 
 121.726455 
 119.947294 
 103.489512 
 101.472297 
 100.512200 
  96.834415 
  94.908716 
  94.406749 
  88.247551 
  87.875171 
  86.298748 
  84.278162 
  83.659262 
  81.904174 
  79.438973 
  77.262785 
  75.608859 
  74.580270 
  74.504248 
  71.860642 
  68.203247 
  67.302253 
  66.946472 
  66.739413 
  65.045570 
  64.237679 
  64.030807 
  64.024953 
  63.625368 
  62.263214 
  59.942769 
  59.089455 
  57.305793 
  56.572867 
  55.793026 
  54.414891 
  54.060689 
  53.880301 
  53.770488 
  53.354997 
  53.145363 
  52.237417 
  51.441333 
  50.062918 
  49.877860 
  49.394436 
  49.232476 
  48.559845 
  47.896472 
  47.351166 
  47.270527 
  47.185914 
  45.290273 
  44.792962 
  44.447982 
  44.444892 
  43.126389 
  42.822892 
  42.605814 
  42.585518 
  42.017907 
  41.977458 
  41.671316 
  41.389651 
  40.979283 
  40.639592 
  40.053007 
  40.034937 
  39.615358 
  39.512659 
  39.254047 
  38.899466 
  38.413536 
  38.172319 
  38.127046 
  37.826307 
  36.717537 
  36.415411 
  36.404533 
  35.239685 
  34.037375 
  33.406824 
  32.881531 
  32.333166 
  31.892677 
  31.572574 
  31.567901 
  29.639347 
  28.764372 
  28.435141 
  28.401604 
  27.537817 
  27.481275 
  26.657701 
  26.378011 
  26.226113 
  26.070517 
  25.675562 
  25.590609 
  25.258092 
  23.325446 
  22.672943 
  22.331166 
  22.147134 
  22.041471 
  21.477878 
  21.417629 
  21.305293 
  21.203654 
  20.635944 
  19.420017 
  19.405808 
  18.770717 
  18.317090 
  18.306132 
  18.028899 
  17.350162 
  17.199241 
  16.746585 
  15.627681 
  13.873790 
  13.768378 
  13.301536 
  12.818167 
  12.454615 
  11.487346 
  11.138574 
  11.112567 
  11.058672 
  10.999931 
  10.977361 
   8.887500 
   7.822951 
   7.540311 
   7.204544 
   6.936231 
   6.449955 
   6.266242 
   6.214546 
   5.635449 
   3.643382 
   2.522053 
   0.694400 
   0.616775 
