25580.488480 
11147.818946 
8597.563024 
7481.547748 
6710.812106 
6325.861326 
4581.400052 
4365.049641 
3604.548340 
3289.255409 
2722.799958 
2637.685652 
2367.636517 
2044.974281 
1754.924764 
1663.082735 
1369.967165 
1353.431429 
1247.075244 
1096.084528 
 960.833985 
 895.839457 
 881.984363 
 857.781104 
 783.443390 
 731.585129 
 717.587929 
 647.895550 
 569.965852 
 533.707842 
 475.570820 
 422.675264 
 415.274117 
 386.622339 
 386.283277 
 340.923473 
 336.552395 
 335.866434 
 293.691913 
 276.011566 
 273.534951 
 271.814244 
 234.389167 
 230.922694 
 226.087726 
 190.664441 
 187.510315 
 186.495672 
 168.785819 
 155.160648 
 146.740081 
 136.107284 
 126.443555 
 114.092607 
 105.083120 
 104.026799 
 102.414397 
  98.312719 
  97.794005 
  92.939215 
  88.318770 
  82.883357 
  82.473048 
  78.973778 
  77.745037 
  72.668455 
  69.055094 
  68.676946 
  67.539173 
  64.753343 
  64.207912 
  64.059516 
  63.343180 
  62.623410 
  59.656647 
  58.779730 
  58.122098 
  58.111928 
  57.929857 
  57.922379 
  57.897672 
  56.481774 
  56.374208 
  56.253966 
  55.879825 
  53.159424 
  51.330001 
  50.343100 
  49.985459 
  48.235944 
  46.026196 
  45.545602 
  45.093244 
  44.752546 
  43.501710 
  41.981157 
  41.803010 
  41.751247 
  41.318150 
  40.372719 
  39.035973 
  38.642481 
  37.612216 
  37.192035 
  37.141198 
  36.359040 
  36.304890 
  35.868634 
  35.520873 
  35.501274 
  34.441308 
  34.049721 
  33.980239 
  33.839062 
  33.462904 
  32.880026 
  32.798588 
  32.340814 
  32.328008 
  32.287106 
  31.665415 
  30.738209 
  30.256582 
  30.216855 
  30.202519 
  29.904324 
  29.802549 
  29.359621 
  29.189604 
  28.738655 
  28.680912 
  28.537143 
  27.436020 
  27.390291 
  26.953375 
  25.832223 
  25.590127 
  25.503105 
  25.464558 
  25.458745 
  25.221643 
  25.062215 
  24.408238 
  24.354445 
  24.343468 
  23.548752 
  22.118988 
  22.105157 
  21.787295 
  21.276012 
  21.257059 
  19.740369 
  19.374541 
  19.221000 
  19.073404 
  18.731027 
  18.325619 
  17.852387 
  17.684340 
  17.352941 
  16.949472 
  16.924836 
  16.831205 
  16.730537 
  16.186885 
  15.929949 
  15.839510 
  15.086530 
  14.298596 
  14.218196 
  13.876373 
  13.435352 
  13.213266 
  13.076716 
  13.073154 
  12.643299 
  12.525811 
  12.130048 
  11.911362 
  11.477642 
  10.871129 
  10.827076 
  10.770019 
  10.728359 
  10.698925 
  10.530204 
   9.494254 
   9.337515 
   8.315918 
   7.954743 
   6.628774 
   6.377356 
   6.166854 
   4.998658 
   4.463424 
   3.564464 
