37584.777496 
20126.359123 
10269.882850 
7988.610066 
4242.749900 
3088.701629 
2219.246500 
1783.787290 
1467.823188 
1238.740706 
 916.758259 
 821.214889 
 671.113157 
 664.901170 
 573.910798 
 543.503368 
 533.444080 
 487.634758 
 441.750781 
 368.125098 
 355.469340 
 300.662970 
 292.061629 
 261.245963 
 254.747452 
 236.921816 
 225.753164 
 202.941091 
 187.312886 
 166.882911 
 158.283696 
 147.918801 
 131.215407 
 123.921460 
 114.790331 
 109.089377 
 104.792084 
 102.987199 
  95.457442 
  92.432019 
  86.335250 
  79.435851 
  75.394071 
  71.648813 
  65.272499 
  63.542092 
  57.876842 
  55.387099 
  52.008255 
  49.531683 
  48.454503 
  42.670150 
  39.185181 
  38.021287 
  36.880898 
  35.209488 
  33.315342 
  30.907015 
  28.585154 
  28.269344 
  26.198167 
  24.885927 
  24.563067 
  21.965358 
  21.595021 
  19.431209 
  18.521676 
  18.160926 
  16.240748 
  15.626399 
  14.183617 
  13.570499 
  12.599353 
  11.616853 
  10.462903 
  10.148135 
   9.340183 
   9.001235 
   8.792377 
   8.465841 
   7.872397 
   7.698459 
   6.870683 
   6.675232 
   6.289167 
   5.603241 
   5.262637 
   5.038584 
   4.875204 
   4.437343 
   4.111740 
   3.906845 
   3.756749 
   3.429311 
   3.391165 
   3.196802 
   2.974180 
   2.808390 
   2.618376 
   2.580106 
   2.382355 
   2.239890 
   2.111984 
   2.022896 
   1.806943 
   1.780573 
   1.700842 
   1.686742 
   1.640657 
   1.406273 
   1.346066 
   1.274322 
   1.207167 
   1.087466 
   1.071680 
   0.991190 
   0.961757 
   0.936890 
   0.808392 
   0.737808 
   0.698222 
   0.665837 
   0.617319 
   0.558469 
   0.498811 
   0.463938 
   0.429550 
   0.416830 
   0.362675 
   0.350047 
   0.280321 
   0.276468 
   0.246751 
   0.227223 
   0.214883 
   0.191976 
   0.174718 
   0.150129 
   0.131749 
   0.125910 
   0.119490 
   0.109499 
   0.093275 
   0.087983 
   0.073946 
   0.071311 
   0.067917 
   0.064008 
   0.049018 
   0.044138 
   0.040323 
   0.033412 
   0.028850 
   0.027577 
   0.022504 
   0.017821 
   0.013582 
   0.011564 
   0.009500 
   0.005408 
   0.004365 
   0.003798 
   0.003006 
   0.001918 
   0.001682 
   0.001156 
   0.000657 
   0.000534 
   0.000145 
   0.000072 
   0.000003 
   0.000001 
   0.000000 
   0.000000 
   0.000000 
   0.000000 
   0.000000 
   0.000000 
   0.000000 
   0.000000 
   0.000000 
   0.000000 
   0.000000 
   0.000000 
   0.000000 
   0.000000 
   0.000000 
   0.000000 
   0.000000 
   0.000000 
   0.000000 
   0.000000 
   0.000000 
   0.000000 
   0.000000 
   0.000000 
