21041.552920 
12234.620513 
7470.145403 
5326.555607 
4325.109888 
3679.401768 
3536.196467 
2429.263410 
1738.467685 
1517.699197 
1478.998039 
1331.995925 
1153.251882 
1063.743393 
 944.146728 
 881.122968 
 815.986711 
 644.384038 
 609.170770 
 575.546621 
 549.871847 
 513.134736 
 472.824304 
 446.651278 
 386.347104 
 368.315229 
 356.136428 
 349.831606 
 311.594968 
 298.194882 
 258.249234 
 246.142926 
 231.906435 
 218.547253 
 212.482225 
 209.164141 
 196.465038 
 190.403366 
 182.894330 
 167.561056 
 160.782751 
 148.104867 
 143.923475 
 138.124194 
 133.477786 
 126.026481 
 125.498040 
 116.282729 
 112.857221 
 109.236938 
 103.684292 
  97.424133 
  94.000349 
  89.112134 
  86.650314 
  82.758153 
  79.719835 
  77.398153 
  71.849664 
  70.509579 
  63.723679 
  61.951969 
  59.620721 
  57.591126 
  56.495496 
  54.365771 
  50.795881 
  50.638105 
  48.593948 
  46.223875 
  44.761700 
  42.289423 
  40.453422 
  39.941004 
  37.547927 
  36.870296 
  34.835441 
  32.601257 
  31.451142 
  30.133941 
  29.715404 
  28.513108 
  27.455833 
  26.708859 
  24.448770 
  23.716669 
  23.100141 
  21.754384 
  21.709613 
  20.302646 
  19.656876 
  18.679131 
  18.055375 
  17.418796 
  16.536486 
  15.957079 
  15.205599 
  14.779015 
  13.683090 
  13.261489 
  12.510885 
  12.111727 
  11.524858 
  10.942187 
  10.406389 
  10.134031 
   9.703935 
   8.760997 
   8.592953 
   8.366998 
   8.009785 
   7.674202 
   7.489856 
   7.074739 
   6.843977 
   6.541639 
   6.364110 
   6.041234 
   5.674495 
   5.311704 
   4.940342 
   4.799899 
   4.477938 
   4.320638 
   4.054086 
   3.920038 
   3.870878 
   3.549564 
   3.381095 
   3.007719 
   2.982593 
   2.849096 
   2.650743 
   2.542889 
   2.337019 
   2.130399 
   1.976891 
   1.871711 
   1.796679 
   1.701446 
   1.662293 
   1.565110 
   1.502463 
   1.328479 
   1.289980 
   1.238536 
   1.197614 
   1.121456 
   1.049651 
   0.938141 
   0.901711 
   0.788486 
   0.708711 
   0.678549 
   0.666635 
   0.606906 
   0.536699 
   0.519160 
   0.495595 
   0.455847 
   0.396318 
   0.393138 
   0.298429 
   0.287571 
   0.251956 
   0.230149 
   0.194884 
   0.175358 
   0.148510 
   0.138591 
   0.131358 
   0.110459 
   0.099215 
   0.091743 
   0.084437 
   0.069108 
   0.058834 
   0.057160 
   0.042151 
   0.033685 
   0.027480 
   0.023658 
   0.019558 
   0.014041 
   0.010755 
   0.008600 
   0.005684 
   0.004418 
   0.003447 
   0.002291 
   0.000828 
   0.000414 
   0.000094 
   0.000000 
   0.000000 
   0.000000 
