23194.909088 
20394.437438 
9402.077701 
8242.453973 
6546.133104 
5096.172860 
4264.692822 
3586.485825 
3185.319018 
2847.915976 
2510.016763 
2231.047154 
1940.474591 
1766.729962 
1423.693742 
1307.739490 
1203.925024 
1149.624038 
1103.993180 
 977.710694 
 824.788252 
 786.415110 
 723.769095 
 684.068486 
 651.882809 
 616.597490 
 600.908780 
 568.748769 
 546.605000 
 479.059339 
 448.321796 
 428.330915 
 421.936027 
 372.979854 
 366.418715 
 353.644746 
 329.368066 
 315.805755 
 295.483686 
 278.492914 
 255.002534 
 242.597143 
 226.515714 
 216.483498 
 210.071330 
 202.164081 
 190.179553 
 190.072810 
 170.606524 
 161.079871 
 156.801826 
 151.208836 
 142.660108 
 139.630747 
 135.685729 
 130.727654 
 126.898589 
 117.554798 
 114.905651 
 109.405216 
 103.199608 
  97.758892 
  92.119345 
  89.481824 
  88.112753 
  84.080943 
  79.020966 
  76.298557 
  73.591506 
  71.773490 
  69.215101 
  65.273059 
  61.120967 
  59.553353 
  58.597047 
  54.112884 
  53.956216 
  51.762646 
  49.277177 
  47.096228 
  44.819213 
  43.830196 
  43.470271 
  40.995324 
  39.526704 
  38.082254 
  36.658206 
  35.352953 
  34.242604 
  33.111727 
  32.792084 
  29.770503 
  29.256981 
  27.508514 
  27.304590 
  26.017988 
  24.979157 
  24.227154 
  23.786362 
  22.680136 
  21.167167 
  20.326002 
  19.513445 
  18.791999 
  18.178476 
  17.883777 
  17.482405 
  16.188511 
  15.202499 
  14.419414 
  14.156660 
  13.886362 
  13.331247 
  12.159866 
  11.836488 
  11.456413 
  10.965283 
  10.670422 
  10.327805 
   9.834678 
   9.387142 
   8.924741 
   8.373516 
   8.054425 
   7.887832 
   7.747135 
   7.203119 
   7.030364 
   6.900796 
   6.405151 
   6.051425 
   5.713393 
   5.530267 
   5.219196 
   4.960604 
   4.833696 
   4.629668 
   4.282116 
   4.085068 
   4.028574 
   3.904759 
   3.638697 
   3.504665 
   3.314036 
   3.224096 
   2.922794 
   2.709309 
   2.473143 
   2.404821 
   2.106418 
   2.053045 
   2.014287 
   1.972641 
   1.901264 
   1.744175 
   1.609852 
   1.520985 
   1.380786 
   1.353628 
   1.242998 
   1.116976 
   1.045427 
   0.989470 
   0.869674 
   0.840362 
   0.761964 
   0.675636 
   0.622450 
   0.588966 
   0.516860 
   0.462045 
   0.443687 
   0.376961 
   0.366083 
   0.330278 
   0.316835 
   0.250407 
   0.234178 
   0.225458 
   0.190019 
   0.178030 
   0.144131 
   0.111354 
   0.109575 
   0.084653 
   0.063109 
   0.053145 
   0.040309 
   0.031055 
   0.023636 
   0.016396 
   0.011252 
   0.007775 
   0.006089 
   0.003968 
   0.002201 
