15361.609449 
13380.294499 
10227.873769 
7501.476204 
6816.876441 
6211.769488 
5392.719525 
4279.269715 
3670.440349 
3062.467756 
2873.122186 
2837.884413 
2124.668188 
1963.318513 
1665.057862 
1564.103855 
1537.665889 
1356.704137 
1245.711100 
1194.093743 
1057.800938 
1047.134137 
 976.835091 
 962.390435 
 921.335256 
 825.329526 
 799.771165 
 784.354365 
 698.431470 
 613.288937 
 589.160740 
 551.454648 
 537.513390 
 504.787793 
 491.411768 
 487.431495 
 395.010457 
 388.687786 
 365.056945 
 355.451134 
 327.537456 
 299.311068 
 287.169907 
 268.180545 
 264.469284 
 263.928810 
 259.275652 
 235.120043 
 220.569784 
 206.460184 
 183.531162 
 175.284772 
 172.826684 
 143.028367 
 118.252957 
 117.833744 
 116.243636 
 115.741457 
 113.137686 
 107.738476 
 107.471156 
 105.616158 
  97.361797 
  93.897837 
  93.391294 
  91.301941 
  88.454661 
  85.862571 
  85.204530 
  81.826285 
  81.166150 
  80.943937 
  80.654413 
  80.147090 
  78.096363 
  78.063060 
  77.675164 
  77.394171 
  75.577634 
  73.088791 
  69.190872 
  69.177646 
  68.853575 
  64.682265 
  63.707128 
  63.683163 
  63.617781 
  63.112956 
  62.113417 
  61.779430 
  58.325409 
  56.752415 
  55.194142 
  55.039952 
  54.557940 
  54.547212 
  54.492910 
  51.220958 
  51.152364 
  51.043399 
  50.898388 
  49.965667 
  49.504007 
  49.488931 
  49.312627 
  48.045654 
  47.089788 
  46.258525 
  44.581101 
  44.438369 
  43.457376 
  42.898007 
  42.858132 
  42.527376 
  42.507390 
  41.766462 
  40.722220 
  40.245647 
  38.767917 
  38.263606 
  37.768278 
  37.708977 
  37.358789 
  37.346693 
  37.308075 
  37.132240 
  36.887647 
  36.558674 
  35.433771 
  34.011427 
  33.526550 
  32.871204 
  32.773839 
  32.053818 
  31.739852 
  31.407455 
  30.830434 
  30.790280 
  29.583482 
  28.936025 
  28.840600 
  28.675125 
  28.468714 
  28.247029 
  27.530881 
  27.001268 
  26.262735 
  26.252830 
  26.114429 
  25.436085 
  25.109865 
  24.779898 
  24.536023 
  24.411278 
  24.064722 
  23.322513 
  23.242020 
  22.360462 
  22.247128 
  20.558226 
  19.956988 
  19.455334 
  19.420157 
  18.750192 
  18.625875 
  18.118296 
  17.819018 
  17.817615 
  17.222010 
  17.026315 
  16.996632 
  16.867903 
  16.338982 
  16.118861 
  15.141349 
  14.881927 
  14.564500 
  14.344453 
  12.262242 
  12.199065 
  11.621340 
  11.478526 
  11.291843 
  11.181033 
   9.671053 
   9.536944 
   8.841128 
   8.812259 
   8.348069 
   8.120261 
   7.426820 
   6.038105 
   3.988109 
   2.997209 
   2.104759 
   1.819032 
