21726.960779 
18379.375284 
14785.886583 
11282.118243 
5211.883199 
3156.147427 
3053.374775 
2532.486096 
2198.986343 
1949.683770 
1719.545542 
1381.195426 
1290.426093 
1031.978699 
 959.512179 
 877.876226 
 775.252792 
 713.096188 
 576.385168 
 552.032439 
 461.932082 
 426.525500 
 367.926308 
 358.639389 
 349.062190 
 313.875037 
 270.512499 
 264.313493 
 238.090438 
 225.772167 
 202.210915 
 192.856964 
 189.179046 
 175.341095 
 165.769355 
 147.249740 
 140.618146 
 124.646376 
 116.215670 
 107.460300 
 106.223697 
  91.482076 
  87.475367 
  84.586136 
  82.166467 
  72.826262 
  68.621086 
  61.596654 
  58.748856 
  54.728232 
  54.304035 
  53.147036 
  52.711227 
  40.751315 
  39.005888 
  37.539090 
  35.376444 
  32.929259 
  32.735532 
  31.522985 
  30.812241 
  28.581026 
  28.410866 
  27.789372 
  27.417771 
  26.652168 
  24.115809 
  23.084404 
  22.077144 
  21.628289 
  20.723276 
  19.537375 
  19.360776 
  18.791437 
  18.520739 
  18.212671 
  16.602526 
  16.021265 
  15.697019 
  15.372116 
  15.261759 
  14.917678 
  14.830193 
  14.604276 
  14.504393 
  13.444514 
  13.363559 
  13.175811 
  12.719138 
  12.693955 
  12.626797 
  12.480071 
  12.410704 
  12.272597 
  12.075954 
  11.911294 
  11.592698 
  11.406421 
  11.125274 
  11.040314 
  10.623351 
  10.448497 
  10.370087 
  10.180304 
  10.169373 
   9.854281 
   9.761706 
   9.742182 
   9.313480 
   9.273378 
   9.248560 
   8.505740 
   8.476534 
   7.872945 
   7.422627 
   7.108011 
   7.088940 
   6.964307 
   6.665352 
   6.481962 
   6.444371 
   6.229841 
   6.154392 
   6.088381 
   5.976452 
   5.862938 
   5.743076 
   5.671479 
   5.657815 
   5.571622 
   5.452589 
   5.343217 
   5.279704 
   5.101570 
   4.408475 
   4.191534 
   4.185338 
   4.016224 
   3.741204 
   3.633202 
   3.621904 
   3.559984 
   3.542234 
   3.511909 
   3.420353 
   3.096622 
   2.977760 
   2.683451 
   2.517614 
   2.449585 
   2.420769 
   2.371457 
   2.357007 
   2.158433 
   1.917398 
   1.833614 
   1.737399 
   1.497423 
   1.424681 
   1.400405 
   1.376362 
   1.338882 
   1.257044 
   1.100017 
   1.086829 
   1.046210 
   0.918028 
   0.895561 
   0.855610 
   0.854028 
   0.817203 
   0.797265 
   0.757749 
   0.687429 
   0.623061 
   0.478568 
   0.384349 
   0.345600 
   0.335517 
   0.314728 
   0.254898 
   0.227775 
   0.195570 
   0.183024 
   0.153775 
   0.140076 
   0.044775 
   0.044775 
   0.029600 
   0.024775 
   0.019900 
   0.009900 
   0.004975 
   0.000000 
   0.000000 
   0.000000 
