18791.344349 
9192.173232 
8159.803843 
6127.668094 
5191.982559 
4060.552337 
3293.391426 
3161.682588 
2433.871309 
1628.539816 
1228.268527 
1195.822715 
1041.354785 
1014.114991 
 759.682208 
 729.197849 
 727.176213 
 696.556036 
 581.248828 
 431.734028 
 415.304787 
 388.267166 
 387.952241 
 387.279455 
 379.301471 
 373.993590 
 370.754076 
 369.370375 
 367.317612 
 365.480224 
 357.264274 
 355.086274 
 344.980289 
 341.244069 
 340.599094 
 337.171102 
 333.118955 
 327.209743 
 326.743193 
 325.968528 
 323.061739 
 317.426122 
 312.749489 
 301.314758 
 299.758724 
 296.518826 
 292.938424 
 290.665133 
 288.470610 
 286.247797 
 285.364300 
 282.016519 
 278.992757 
 278.402709 
 277.319600 
 269.800566 
 266.530073 
 264.291715 
 258.255458 
 257.945100 
 257.676548 
 256.092725 
 254.800431 
 251.145239 
 249.036460 
 244.825485 
 242.169842 
 241.825971 
 225.735724 
 225.723352 
 225.602252 
 224.336927 
 222.214898 
 214.513934 
 210.064123 
 209.869555 
 208.020784 
 203.296041 
 202.804020 
 202.048017 
 200.054773 
 191.191583 
 190.501852 
 187.285606 
 185.978470 
 184.581539 
 184.412428 
 183.736411 
 181.913100 
 181.157298 
 180.677404 
 180.487053 
 180.403412 
 176.605290 
 175.357317 
 172.000485 
 171.322974 
 168.749625 
 168.134057 
 167.951469 
 167.713198 
 164.761611 
 161.569160 
 160.687221 
 160.083789 
 159.763634 
 154.682356 
 154.415514 
 153.520000 
 152.335365 
 151.895228 
 148.019131 
 147.905185 
 147.781037 
 147.771978 
 144.798699 
 144.433299 
 144.415542 
 137.409725 
 134.543333 
 132.434709 
 126.193039 
 125.757794 
 124.996680 
 123.839775 
 123.599615 
 119.284160 
 117.773600 
 115.842813 
 114.506318 
 111.659323 
 109.937464 
 108.898362 
 106.992902 
 105.175698 
 102.750606 
 100.575026 
 100.362414 
 100.221900 
  99.156381 
  98.511017 
  97.709952 
  96.553307 
  96.400565 
  96.226145 
  93.246537 
  86.388720 
  83.133753 
  79.767222 
  78.311551 
  77.842808 
  77.003975 
  75.798708 
  74.528197 
  70.999881 
  70.228313 
  69.897500 
  69.351775 
  68.982753 
  67.991009 
  65.381160 
  63.876219 
  61.285582 
  57.391900 
  53.851900 
  53.449219 
  51.322775 
  51.120775 
  48.688043 
  48.597553 
  46.087062 
  44.840400 
  44.751660 
  43.077975 
  41.004375 
  38.627500 
  33.917886 
  33.742975 
  31.966372 
  31.823073 
  25.055678 
  23.471100 
  23.117500 
  16.781975 
  15.143775 
  13.959100 
  12.082775 
  11.693775 
  11.649775 
   8.649975 
   6.691775 
   5.464375 
   4.167975 
   4.030400 
   3.777975 
   3.190000 
