12994.231244 
10372.709336 
8786.116541 
8047.428621 
5964.882938 
4721.708115 
4384.663162 
3724.572909 
2674.548229 
2170.567839 
2052.221663 
1678.619876 
1550.659452 
1442.596986 
1242.456531 
1128.583847 
 940.542457 
 876.590466 
 830.293507 
 740.813033 
 691.296896 
 615.438743 
 574.401493 
 515.319545 
 476.265358 
 457.372824 
 390.960762 
 388.517861 
 365.836581 
 333.256482 
 304.957505 
 298.659205 
 289.470070 
 282.592014 
 254.380273 
 224.797027 
 224.007241 
 213.401969 
 191.160312 
 183.961900 
 183.887172 
 165.961443 
 163.397415 
 161.528022 
 155.684062 
 134.702656 
 118.919760 
 116.421102 
 112.087377 
 100.273817 
  94.712773 
  92.774326 
  90.792045 
  84.127757 
  81.637743 
  80.404822 
  67.971934 
  64.426553 
  58.510836 
  58.325406 
  57.871611 
  56.453114 
  56.283876 
  56.195492 
  55.165827 
  52.682023 
  48.056461 
  47.463100 
  45.471393 
  45.297227 
  44.476766 
  42.054715 
  39.843533 
  39.244381 
  38.941061 
  38.385776 
  37.898076 
  37.004900 
  36.714021 
  36.523080 
  36.140874 
  35.889966 
  34.581899 
  34.470865 
  33.628610 
  33.446715 
  33.351568 
  31.908540 
  31.805587 
  31.522138 
  31.283273 
  31.164437 
  30.477774 
  29.312968 
  29.072072 
  29.048366 
  28.914420 
  28.426579 
  28.320733 
  27.186722 
  26.904098 
  26.422875 
  26.369181 
  26.092660 
  25.850042 
  25.593186 
  25.079294 
  24.609702 
  24.574528 
  24.563984 
  24.101678 
  23.249604 
  23.179239 
  22.916512 
  22.838128 
  22.746147 
  22.686642 
  22.524273 
  22.372122 
  21.423310 
  21.186806 
  21.182858 
  21.110948 
  21.063224 
  20.557934 
  20.115117 
  20.086807 
  19.989615 
  19.448174 
  19.101809 
  19.062800 
  19.001152 
  18.820472 
  18.730900 
  18.587898 
  18.251439 
  17.836593 
  17.648219 
  17.078412 
  16.695685 
  16.209941 
  16.117616 
  15.628964 
  15.500570 
  15.393648 
  15.084813 
  15.043652 
  14.881912 
  14.518601 
  13.774228 
  13.671901 
  13.657849 
  13.562787 
  13.330439 
  12.941777 
  12.567902 
  12.429533 
  12.157738 
  12.050287 
  11.996376 
  11.591987 
  10.978571 
  10.891516 
  10.822444 
  10.764311 
  10.657733 
  10.561604 
  10.556356 
  10.484989 
  10.471743 
  10.061777 
   9.840175 
   8.930465 
   8.826022 
   8.297335 
   8.100945 
   7.976791 
   7.884443 
   6.634453 
   6.464257 
   6.253067 
   6.127749 
   5.594804 
   5.521945 
   5.512102 
   4.120453 
   4.077552 
   3.926660 
   3.220898 
   3.133137 
   1.544252 
   1.487550 
   1.014465 
   0.476677 
   0.108400 
   0.000000 
