   0.529433 
   0.468299 
   0.424902 
   0.399505 
   0.364225 
   0.353292 
   0.348065 
   0.345501 
   0.333915 
   0.316295 
   0.312927 
   0.308985 
   0.303929 
   0.299479 
   0.291286 
   0.289098 
   0.285098 
   0.281777 
   0.275797 
   0.274131 
   0.269802 
   0.268582 
   0.267952 
   0.251105 
   0.243760 
   0.236352 
   0.235236 
   0.235045 
   0.231757 
   0.225565 
   0.222353 
   0.221850 
   0.217608 
   0.213160 
   0.212643 
   0.212366 
   0.208145 
   0.206597 
   0.205196 
   0.200064 
   0.198921 
   0.198155 
   0.184115 
   0.180224 
   0.177018 
   0.176789 
   0.176437 
   0.174855 
   0.173056 
   0.172966 
   0.169611 
   0.169294 
   0.169104 
   0.168171 
   0.164755 
   0.164695 
   0.164423 
   0.161873 
   0.161093 
   0.160711 
   0.159725 
   0.159131 
   0.156467 
   0.155552 
   0.153089 
   0.151005 
   0.149297 
   0.146676 
   0.145770 
   0.145241 
   0.144945 
   0.143659 
   0.139071 
   0.138611 
   0.136526 
   0.135186 
   0.135098 
   0.133813 
   0.131195 
   0.130439 
   0.129375 
   0.127255 
   0.126989 
   0.126871 
   0.123263 
   0.122927 
   0.122017 
   0.121944 
   0.120908 
   0.111200 
   0.110646 
   0.110282 
   0.109974 
   0.109725 
   0.108735 
   0.108602 
   0.108493 
   0.107965 
   0.106460 
   0.105683 
   0.102594 
   0.102541 
   0.102370 
   0.102284 
   0.098791 
   0.098332 
   0.096844 
   0.095803 
   0.093505 
   0.092507 
   0.092109 
   0.090684 
   0.088719 
   0.086095 
   0.084275 
   0.082771 
   0.081554 
   0.076311 
   0.076055 
   0.076045 
   0.074976 
   0.072296 
   0.069382 
   0.068525 
   0.067282 
   0.065848 
   0.064075 
   0.063694 
   0.061035 
   0.060162 
   0.056706 
   0.056088 
   0.055096 
   0.052414 
   0.052052 
   0.051348 
   0.051276 
   0.051158 
   0.049217 
   0.048409 
   0.047782 
   0.047506 
   0.045557 
   0.044323 
   0.042007 
   0.041619 
   0.037369 
   0.035597 
   0.035028 
   0.034568 
   0.033528 
   0.033017 
   0.029914 
   0.029740 
   0.029685 
   0.029148 
   0.028776 
   0.024470 
   0.023243 
   0.022815 
   0.017343 
   0.014400 
   0.013250 
   0.008776 
   0.008547 
   0.007020 
   0.006885 
   0.004108 
   0.002898 
   0.000749 
   0.000186 
  -0.000117 
  -0.000281 
  -0.001634 
  -0.003380 
  -0.005941 
  -0.007393 
  -0.008066 
  -0.011951 
  -0.016062 
  -0.025350 
  -0.027579 
  -0.035861 
  -0.037398 
  -0.046238 
  -0.067148 
  -0.069942 
  -0.075721 
  -0.092662 
  -0.097052 
  -0.105727 
  -0.128106 
  -0.128760 
  -0.134153 
  -0.153226 
  -0.153909 
