22954.174855 
19394.661311 
8045.926207 
5796.592951 
5192.117646 
4844.610852 
2224.429505 
2148.194421 
1787.738406 
1635.524272 
1240.515072 
 972.658192 
 847.056203 
 810.806516 
 723.451229 
 656.692644 
 623.805547 
 623.723108 
 561.845025 
 539.017219 
 518.022124 
 466.190267 
 407.160899 
 365.695102 
 360.489451 
 359.014098 
 351.181222 
 343.447673 
 337.700799 
 335.290391 
 330.437983 
 323.086001 
 317.143173 
 309.077756 
 308.768419 
 307.776306 
 303.188966 
 302.567341 
 297.121124 
 292.665846 
 290.249478 
 288.268801 
 284.867774 
 271.370153 
 266.267832 
 255.798773 
 252.439976 
 250.357356 
 250.002842 
 239.022360 
 229.842321 
 225.404613 
 225.381430 
 218.696534 
 217.884485 
 215.920298 
 213.450474 
 204.517533 
 201.899919 
 200.655158 
 200.251897 
 200.058262 
 198.049409 
 195.278811 
 194.143410 
 193.510960 
 192.083696 
 191.320475 
 191.253371 
 188.760475 
 187.248121 
 187.074833 
 185.520358 
 183.655375 
 183.496162 
 180.420848 
 179.501109 
 176.624351 
 167.938041 
 163.742564 
 161.894007 
 161.501316 
 150.033749 
 148.764010 
 140.658786 
 140.363530 
 137.641948 
 133.108080 
 129.853001 
 129.465371 
 127.587018 
 127.510140 
 124.310522 
 121.701588 
 119.606954 
 118.988120 
 115.535652 
 114.480802 
 111.429191 
 110.524601 
 110.272462 
  99.601168 
  95.787532 
  94.507809 
  93.435333 
  93.238329 
  92.242224 
  89.936304 
  88.861847 
  88.635870 
  84.552690 
  82.468114 
  81.592817 
  80.048487 
  77.528989 
  75.920714 
  75.241097 
  73.318606 
  70.101990 
  68.901537 
  66.917957 
  66.447500 
  65.700621 
  64.437480 
  62.442740 
  60.437500 
  59.806942 
  59.558252 
  57.369775 
  55.970541 
  55.555651 
  55.465775 
  54.714747 
  53.506975 
  51.997213 
  50.561919 
  49.799375 
  49.525823 
  48.400000 
  47.916693 
  46.261900 
  43.183100 
  41.113975 
  38.642811 
  37.463339 
  36.097900 
  33.671014 
  32.622400 
  31.890945 
  31.080015 
  30.929100 
  30.757775 
  28.561900 
  28.090433 
  27.260975 
  26.254375 
  25.972202 
  25.956975 
  24.774139 
  22.713100 
  22.675900 
  21.620086 
  20.175600 
  20.039375 
  18.491975 
  17.946400 
  16.579775 
  16.551900 
  16.480847 
  13.246975 
  10.845975 
   9.793600 
   9.636775 
   9.617500 
   8.239975 
   8.193900 
   6.786400 
   5.557775 
   5.348975 
   4.782975 
   4.758775 
   4.097600 
   3.958400 
   3.710000 
   3.595600 
   3.529775 
   3.511600 
   3.247600 
   1.661100 
   1.405900 
   1.039775 
   0.240000 
   0.108400 
   0.099100 
   0.004975 
   0.000000 
