14097.656650 
9879.430122 
8590.101186 
6771.558692 
5749.692647 
5237.247250 
3748.762467 
3368.925680 
2789.804414 
2122.972720 
1858.272315 
1700.552372 
1502.626513 
1363.417367 
1074.921665 
 875.302655 
 831.848632 
 813.872637 
 757.585305 
 684.692884 
 670.882954 
 582.167962 
 553.893191 
 553.162501 
 528.949256 
 501.998979 
 495.215242 
 491.391714 
 474.674805 
 458.114917 
 445.146175 
 429.159027 
 422.142393 
 416.142842 
 410.354567 
 398.743755 
 396.729160 
 394.525506 
 391.793699 
 391.526160 
 384.191729 
 382.398312 
 376.171281 
 369.159392 
 368.474345 
 367.104165 
 356.124930 
 354.864387 
 354.376323 
 353.783201 
 351.469814 
 348.207213 
 341.474392 
 335.342310 
 326.928612 
 326.443327 
 324.325474 
 314.568750 
 314.179741 
 310.693870 
 310.387380 
 309.437847 
 307.465861 
 303.615470 
 302.297822 
 298.251987 
 295.956060 
 293.819058 
 293.044395 
 287.132151 
 285.274389 
 283.036400 
 281.689264 
 275.001681 
 274.665866 
 273.041312 
 272.909911 
 268.212240 
 266.354223 
 265.617459 
 260.389271 
 255.807568 
 253.906601 
 248.654701 
 248.407481 
 247.291655 
 244.996270 
 241.150027 
 237.193450 
 236.542969 
 235.074718 
 232.761757 
 224.905753 
 222.151462 
 217.993998 
 214.179946 
 213.380087 
 208.602728 
 206.705411 
 198.515077 
 198.235374 
 197.974962 
 197.149525 
 196.480602 
 195.326400 
 194.761949 
 194.728501 
 193.887926 
 187.458123 
 186.819616 
 184.933295 
 184.429152 
 181.204368 
 180.997790 
 177.050462 
 176.289409 
 165.970831 
 165.861775 
 165.415797 
 161.973900 
 160.302218 
 157.546508 
 147.156251 
 146.716972 
 137.602295 
 135.135378 
 135.000128 
 134.239930 
 132.078725 
 132.050879 
 130.938975 
 129.568789 
 129.359479 
 122.649489 
 120.217500 
 119.826529 
 115.509375 
 113.414221 
 111.557890 
 110.121599 
 110.009568 
 105.435667 
 105.084735 
 103.642300 
 100.926141 
 100.538975 
  98.231775 
  96.820769 
  95.751352 
  85.832993 
  85.412259 
  84.591178 
  84.458463 
  83.234249 
  82.988797 
  80.684195 
  75.611100 
  67.583900 
  63.887500 
  63.867775 
  60.524955 
  57.330591 
  56.496400 
  53.011600 
  52.989375 
  51.200000 
  47.976115 
  45.476400 
  43.231775 
  43.105185 
  43.008820 
  40.700400 
  40.377600 
  38.039900 
  36.514375 
  31.474400 
  28.035900 
  27.361600 
  26.490000 
  25.965600 
  25.129975 
  25.024375 
  24.049375 
  22.614775 
  22.212975 
  21.305975 
  21.196775 
  21.017975 
  19.846775 
  19.087500 
  18.792975 
  14.863600 
  14.292400 
  14.169375 
   8.030000 
   6.461600 
