17266.381517 
13902.255975 
11389.999295 
9525.097087 
6666.675992 
3758.363895 
3540.552789 
2940.074360 
2233.271579 
1694.666095 
1417.404059 
1216.175150 
 992.607937 
 945.480028 
 828.915965 
 803.191876 
 724.715625 
 620.991006 
 525.131073 
 502.961610 
 445.213473 
 409.368486 
 393.985630 
 379.290692 
 336.770708 
 309.595529 
 286.496024 
 259.465638 
 253.013181 
 241.094182 
 226.651308 
 213.489662 
 183.246232 
 182.477585 
 153.206793 
 142.284486 
 137.360363 
 130.232811 
 114.963608 
 110.180234 
 102.316428 
 100.905157 
  90.499773 
  86.414160 
  85.845516 
  85.346998 
  80.782048 
  72.409513 
  71.015815 
  61.899940 
  57.821511 
  56.476487 
  53.671827 
  52.792281 
  51.969720 
  50.112824 
  48.224000 
  41.326776 
  40.997721 
  35.025957 
  32.818691 
  31.781223 
  31.427316 
  28.611660 
  27.109552 
  26.969196 
  26.308816 
  24.902026 
  23.634232 
  22.439003 
  21.922447 
  21.850633 
  20.843047 
  20.716742 
  20.576243 
  20.455368 
  19.677683 
  19.304284 
  19.280175 
  18.894799 
  18.278794 
  18.008789 
  17.652790 
  17.382607 
  16.870198 
  16.727014 
  16.206517 
  15.072817 
  14.697964 
  14.525906 
  14.516966 
  14.510571 
  13.743746 
  13.631276 
  13.596909 
  13.358220 
  12.728321 
  12.485616 
  12.192177 
  12.039042 
  11.955263 
  11.358890 
  11.139188 
  11.112332 
  10.798768 
  10.396675 
   9.810516 
   9.222818 
   9.186792 
   8.941165 
   8.914374 
   8.646650 
   8.498408 
   8.363178 
   8.308441 
   8.292809 
   8.283814 
   8.095273 
   8.062820 
   8.046655 
   8.009399 
   7.966596 
   7.864769 
   7.860020 
   7.789659 
   7.666634 
   7.446288 
   7.338149 
   7.247214 
   7.151003 
   6.955347 
   6.758419 
   6.382116 
   6.312824 
   6.280492 
   6.175482 
   6.014020 
   5.780316 
   5.674801 
   5.344974 
   5.310643 
   5.166254 
   5.072357 
   4.992756 
   4.714307 
   4.513361 
   4.409709 
   4.400214 
   4.319664 
   4.251558 
   4.158324 
   3.958093 
   3.886878 
   3.794080 
   3.653896 
   3.602692 
   3.572989 
   3.532166 
   3.362935 
   3.259834 
   3.149993 
   3.058730 
   2.761820 
   2.672256 
   2.623020 
   2.495676 
   2.392288 
   2.390399 
   2.379675 
   2.366178 
   2.240250 
   1.926207 
   1.681953 
   1.284306 
   1.228240 
   1.183352 
   1.141251 
   1.103981 
   1.096110 
   1.079761 
   1.063703 
   0.978405 
   0.926434 
   0.923330 
   0.878256 
   0.818800 
   0.769987 
   0.725136 
   0.720086 
   0.674624 
   0.581337 
   0.519691 
   0.408068 
   0.365692 
   0.320615 
   0.239113 
