   0.999086 
   0.992800 
   0.975920 
   0.970398 
   0.960996 
   0.924442 
   0.692305 
   0.675507 
   0.665165 
   0.577872 
   0.572952 
   0.564434 
   0.499548 
   0.495560 
   0.495070 
   0.474781 
   0.446133 
   0.432091 
   0.426322 
   0.399822 
   0.393053 
   0.380728 
   0.379143 
   0.375260 
   0.366410 
   0.365944 
   0.352298 
   0.347212 
   0.346372 
   0.338990 
   0.326786 
   0.320733 
   0.315076 
   0.300120 
   0.294612 
   0.291696 
   0.285245 
   0.285032 
   0.281268 
   0.277150 
   0.276506 
   0.273922 
   0.263284 
   0.260424 
   0.258825 
   0.258702 
   0.258640 
   0.258063 
   0.244040 
   0.238572 
   0.223669 
   0.222747 
   0.222540 
   0.221736 
   0.215978 
   0.211917 
   0.210639 
   0.210296 
   0.210164 
   0.203912 
   0.195064 
   0.194724 
   0.193699 
   0.190468 
   0.189930 
   0.188751 
   0.188189 
   0.187627 
   0.186457 
   0.185339 
   0.185252 
   0.184631 
   0.182783 
   0.181637 
   0.181286 
   0.177573 
   0.177329 
   0.175291 
   0.165815 
   0.163553 
   0.162396 
   0.161583 
   0.161461 
   0.160618 
   0.160225 
   0.158294 
   0.156086 
   0.154697 
   0.154592 
   0.154556 
   0.153910 
   0.151882 
   0.147804 
   0.147219 
   0.143100 
   0.135861 
   0.129229 
   0.128250 
   0.127799 
   0.126783 
   0.126256 
   0.125774 
   0.125410 
   0.125317 
   0.125010 
   0.124722 
   0.124351 
   0.123502 
   0.122133 
   0.121855 
   0.121494 
   0.119967 
   0.119059 
   0.113976 
   0.113655 
   0.112516 
   0.111926 
   0.109990 
   0.109947 
   0.109783 
   0.109441 
   0.108855 
   0.106748 
   0.105747 
   0.104183 
   0.104100 
   0.101009 
   0.100886 
   0.100414 
   0.095988 
   0.092359 
   0.088681 
   0.088669 
   0.087291 
   0.078461 
   0.076619 
   0.075695 
   0.075355 
   0.074156 
   0.074150 
   0.073885 
   0.070096 
   0.067826 
   0.063713 
   0.063568 
   0.060391 
   0.060216 
   0.059514 
   0.058260 
   0.056784 
   0.053319 
   0.052605 
   0.049784 
   0.046627 
   0.046521 
   0.046245 
   0.045032 
   0.044753 
   0.043748 
   0.043555 
   0.042544 
   0.041089 
   0.034503 
   0.033209 
   0.031970 
   0.030459 
   0.028775 
   0.026879 
   0.020864 
   0.020523 
   0.015700 
   0.010965 
   0.010908 
   0.008099 
   0.006288 
  -0.006365 
  -0.015027 
  -0.017011 
  -0.018429 
  -0.022026 
  -0.035502 
  -0.047885 
  -0.052350 
  -0.053606 
  -0.064159 
  -0.068110 
  -0.088195 
  -0.092262 
  -0.104163 
  -0.109867 
  -0.112580 
  -0.115146 
  -0.129502 
  -0.129503 
  -0.153830 
  -0.156223 
