13375.206178 
4998.171984 
4112.823633 
3341.761117 
2518.906858 
1680.243788 
1598.763678 
1137.955978 
 819.287334 
 761.989473 
 609.488714 
 533.086408 
 489.924243 
 446.401814 
 365.775294 
 342.494400 
 303.183581 
 273.374384 
 237.490308 
 217.898960 
 200.375601 
 192.223164 
 164.365904 
 154.286801 
 141.553803 
 136.103785 
 125.393428 
 115.664132 
 109.732061 
 102.756318 
  99.734213 
  91.102912 
  87.539868 
  81.929115 
  72.674434 
  70.040655 
  64.199629 
  59.727080 
  56.882134 
  52.867462 
  52.081033 
  48.673169 
  44.261740 
  41.966494 
  40.437407 
  38.857513 
  36.754813 
  35.773904 
  35.642184 
  33.818711 
  30.773113 
  28.812383 
  26.346731 
  24.858447 
  23.632609 
  22.861305 
  21.253533 
  20.062612 
  18.988742 
  17.862084 
  17.324033 
  16.501446 
  16.235580 
  15.051148 
  13.598804 
  12.719063 
  12.185387 
  11.608797 
  10.725348 
  10.436258 
   9.870499 
   9.624518 
   9.508288 
   8.284366 
   7.995294 
   7.463819 
   7.053083 
   6.942171 
   6.574839 
   5.975812 
   5.580879 
   5.259089 
   5.017817 
   4.573114 
   4.376857 
   4.197518 
   4.063792 
   3.875024 
   3.657913 
   3.530150 
   3.347224 
   3.144045 
   3.091702 
   2.847360 
   2.820694 
   2.487487 
   2.292872 
   2.247713 
   2.135442 
   2.042714 
   1.976356 
   1.835540 
   1.701222 
   1.593228 
   1.515330 
   1.458779 
   1.405568 
   1.359523 
   1.215140 
   1.179263 
   0.991267 
   0.933750 
   0.888874 
   0.867898 
   0.774554 
   0.759372 
   0.687486 
   0.682885 
   0.572445 
   0.557566 
   0.493878 
   0.460488 
   0.439423 
   0.366261 
   0.348291 
   0.322455 
   0.304742 
   0.266916 
   0.251761 
   0.239029 
   0.204154 
   0.192062 
   0.173919 
   0.156801 
   0.150503 
   0.122846 
   0.114439 
   0.111050 
   0.090982 
   0.087266 
   0.079605 
   0.066858 
   0.060114 
   0.053765 
   0.047627 
   0.042700 
   0.034992 
   0.031750 
   0.028095 
   0.025666 
   0.019531 
   0.018456 
   0.016155 
   0.015068 
   0.011274 
   0.010474 
   0.007793 
   0.006408 
   0.005564 
   0.004087 
   0.002416 
   0.002128 
   0.001325 
   0.000932 
   0.000599 
   0.000399 
   0.000292 
   0.000126 
   0.000076 
   0.000000 
   0.000000 
   0.000000 
   0.000000 
   0.000000 
   0.000000 
   0.000000 
   0.000000 
   0.000000 
   0.000000 
   0.000000 
   0.000000 
   0.000000 
   0.000000 
   0.000000 
   0.000000 
   0.000000 
   0.000000 
   0.000000 
   0.000000 
   0.000000 
   0.000000 
   0.000000 
   0.000000 
   0.000000 
   0.000000 
   0.000000 
