27277.246449 
15262.170743 
8159.162090 
5551.684251 
4421.804936 
4030.815492 
2766.493269 
2024.026416 
 943.300035 
 811.016481 
 786.546096 
 740.135793 
 607.934223 
 588.951022 
 332.636774 
 322.596843 
 293.902288 
 269.613194 
 264.018125 
 252.189902 
 245.578640 
 241.372722 
 235.706084 
 219.133144 
 218.648330 
 209.128300 
 201.963283 
 198.642483 
 196.922156 
 194.520196 
 183.413402 
 181.289587 
 180.016544 
 179.072228 
 178.749205 
 177.291226 
 173.901857 
 173.568663 
 172.653856 
 163.135960 
 160.801326 
 160.597695 
 153.320245 
 151.645437 
 147.536891 
 144.731686 
 144.442389 
 144.353696 
 143.771716 
 142.603021 
 138.855960 
 135.775398 
 133.935699 
 133.661604 
 132.983391 
 130.782568 
 130.124368 
 129.931480 
 128.271537 
 126.385894 
 124.619663 
 121.308459 
 113.066999 
 110.762652 
 108.724146 
 108.546014 
 106.100786 
 103.058516 
 100.028356 
  99.158950 
  98.897076 
  98.260270 
  97.233519 
  92.395181 
  91.919342 
  88.920257 
  87.618807 
  86.436148 
  86.395607 
  84.871439 
  81.082260 
  79.665670 
  78.720000 
  76.599394 
  76.183146 
  76.079179 
  74.351845 
  70.452894 
  69.204703 
  68.058278 
  65.696329 
  65.172136 
  63.337318 
  63.114902 
  61.742790 
  61.662945 
  59.611834 
  58.745143 
  57.218900 
  57.208485 
  56.921071 
  56.754050 
  56.492508 
  56.063115 
  56.030234 
  55.858266 
  55.722244 
  54.423900 
  52.435693 
  52.418394 
  52.181973 
  51.061296 
  50.444497 
  49.637482 
  49.242352 
  45.898679 
  45.693794 
  45.233900 
  44.198880 
  42.632675 
  41.881100 
  41.375639 
  39.761289 
  39.558975 
  37.564213 
  36.555033 
  34.366918 
  32.320299 
  31.148168 
  27.150001 
  25.336975 
  25.203600 
  24.928166 
  24.667500 
  24.013514 
  23.875600 
  23.080400 
  21.249167 
  20.551100 
  20.517975 
  20.322464 
  17.731900 
  17.258975 
  16.973100 
  16.404400 
  15.953116 
  14.162400 
  13.138762 
  11.812314 
  11.279975 
  10.671975 
  10.469600 
  10.154375 
   9.867759 
   9.777775 
   8.829345 
   8.249775 
   7.172975 
   7.165775 
   6.494400 
   5.763100 
   4.596775 
   4.487100 
   4.182975 
   4.032975 
   3.852400 
   3.814400 
   3.123100 
   2.997600 
   2.959975 
   2.242975 
   1.937600 
   1.473100 
   1.077500 
   0.938975 
   0.744400 
   0.535100 
   0.535100 
   0.520775 
   0.501975 
   0.431775 
   0.427775 
   0.427775 
   0.361775 
   0.295975 
   0.246400 
   0.069100 
   0.064375 
   0.044375 
   0.024775 
   0.019900 
   0.009900 
   0.004975 
   0.000000 
   0.000000 
   0.000000 
