   1.000000 
   1.000000 
   1.000000 
   1.000000 
   1.000000 
   1.000000 
   1.000000 
   1.000000 
   1.000000 
   1.000000 
   1.000000 
   1.000000 
   1.000000 
   1.000000 
   1.000000 
   1.000000 
   1.000000 
   1.000000 
   1.000000 
   1.000000 
   1.000000 
   1.000000 
   1.000000 
   1.000000 
   1.000000 
   1.000000 
   1.000000 
   0.690535 
   0.663392 
   0.561353 
   0.550205 
   0.531212 
   0.528851 
   0.527171 
   0.500223 
   0.488876 
   0.459896 
   0.457918 
   0.448024 
   0.447068 
   0.444212 
   0.435034 
   0.403234 
   0.402397 
   0.389497 
   0.386802 
   0.386785 
   0.380747 
   0.380426 
   0.379236 
   0.372566 
   0.365582 
   0.361954 
   0.347963 
   0.347457 
   0.345977 
   0.345161 
   0.325306 
   0.322062 
   0.315630 
   0.310293 
   0.308280 
   0.303589 
   0.294193 
   0.293232 
   0.291768 
   0.289605 
   0.278744 
   0.276922 
   0.274218 
   0.267693 
   0.266960 
   0.262453 
   0.259252 
   0.259103 
   0.258931 
   0.258297 
   0.255300 
   0.251885 
   0.247765 
   0.247655 
   0.245031 
   0.240490 
   0.240223 
   0.235083 
   0.231767 
   0.227998 
   0.222435 
   0.222095 
   0.216383 
   0.201524 
   0.201125 
   0.200168 
   0.197190 
   0.195318 
   0.192722 
   0.188975 
   0.183156 
   0.181764 
   0.179221 
   0.178858 
   0.178314 
   0.176592 
   0.175286 
   0.174804 
   0.174739 
   0.170662 
   0.169595 
   0.167187 
   0.163766 
   0.163724 
   0.161667 
   0.159417 
   0.158436 
   0.157446 
   0.154965 
   0.151082 
   0.147341 
   0.142112 
   0.141293 
   0.141113 
   0.140420 
   0.139120 
   0.138936 
   0.135159 
   0.134262 
   0.131955 
   0.131783 
   0.131709 
   0.130491 
   0.125766 
   0.125494 
   0.121393 
   0.120178 
   0.118341 
   0.113241 
   0.109732 
   0.109242 
   0.108127 
   0.102176 
   0.099981 
   0.099587 
   0.098498 
   0.093344 
   0.089743 
   0.086704 
   0.085563 
   0.085220 
   0.081780 
   0.081655 
   0.075070 
   0.074428 
   0.067388 
   0.066048 
   0.057936 
   0.053988 
   0.051467 
   0.050980 
   0.050894 
   0.050831 
   0.048040 
   0.045015 
   0.044819 
   0.039388 
   0.035081 
   0.033198 
   0.026055 
   0.022934 
   0.021354 
   0.021122 
   0.018864 
   0.012111 
   0.008504 
   0.006992 
   0.002260 
  -0.003768 
  -0.007616 
  -0.009346 
  -0.011524 
  -0.011911 
  -0.018131 
  -0.026223 
  -0.045677 
  -0.047486 
  -0.054907 
  -0.056085 
  -0.057979 
  -0.062279 
  -0.072188 
  -0.073516 
  -0.082229 
  -0.084022 
  -0.092441 
  -0.094879 
  -0.095693 
  -0.283871 
