   1.000000 
   1.000000 
   1.000000 
   0.777228 
   0.771621 
   0.762446 
   0.659740 
   0.653305 
   0.649385 
   0.593920 
   0.540241 
   0.512749 
   0.512209 
   0.474057 
   0.471993 
   0.449153 
   0.437567 
   0.436538 
   0.431038 
   0.426033 
   0.421376 
   0.396821 
   0.393537 
   0.384425 
   0.383618 
   0.363622 
   0.361222 
   0.357982 
   0.344687 
   0.344368 
   0.337820 
   0.336063 
   0.335968 
   0.335329 
   0.325718 
   0.322324 
   0.319917 
   0.313459 
   0.307592 
   0.302429 
   0.299597 
   0.293713 
   0.290242 
   0.270585 
   0.267037 
   0.255618 
   0.253420 
   0.244705 
   0.242845 
   0.239795 
   0.235359 
   0.232165 
   0.227430 
   0.226775 
   0.223172 
   0.221602 
   0.217925 
   0.216330 
   0.216316 
   0.213056 
   0.213005 
   0.211115 
   0.210613 
   0.209648 
   0.209566 
   0.208312 
   0.207501 
   0.207448 
   0.205810 
   0.204403 
   0.202791 
   0.201171 
   0.197676 
   0.197605 
   0.197196 
   0.195653 
   0.194373 
   0.189918 
   0.187614 
   0.187412 
   0.185427 
   0.184768 
   0.183979 
   0.183897 
   0.182450 
   0.182164 
   0.179523 
   0.177419 
   0.176277 
   0.175717 
   0.175643 
   0.175358 
   0.171641 
   0.171304 
   0.168900 
   0.164707 
   0.164104 
   0.163141 
   0.161977 
   0.157404 
   0.156498 
   0.155643 
   0.154444 
   0.154383 
   0.154019 
   0.151535 
   0.150148 
   0.147563 
   0.146156 
   0.145763 
   0.144751 
   0.140111 
   0.138846 
   0.135853 
   0.135219 
   0.135165 
   0.134271 
   0.128990 
   0.126708 
   0.126569 
   0.125233 
   0.116595 
   0.115212 
   0.112550 
   0.112064 
   0.111199 
   0.106504 
   0.104983 
   0.103423 
   0.099739 
   0.098161 
   0.097744 
   0.094451 
   0.093061 
   0.091861 
   0.091578 
   0.090654 
   0.090532 
   0.090052 
   0.090045 
   0.089309 
   0.087935 
   0.086521 
   0.081406 
   0.078673 
   0.078651 
   0.077437 
   0.077219 
   0.075698 
   0.074132 
   0.073258 
   0.072505 
   0.072207 
   0.071564 
   0.068752 
   0.054185 
   0.050226 
   0.050076 
   0.043723 
   0.042223 
   0.036636 
   0.034440 
   0.032883 
   0.032371 
   0.029963 
   0.027855 
   0.026321 
   0.021087 
   0.018731 
   0.012733 
   0.002291 
  -0.000206 
  -0.006421 
  -0.010729 
  -0.014093 
  -0.016376 
  -0.016773 
  -0.019762 
  -0.022345 
  -0.026155 
  -0.027340 
  -0.036111 
  -0.039287 
  -0.040850 
  -0.042866 
  -0.060287 
  -0.061268 
  -0.067636 
  -0.071081 
  -0.075575 
  -0.090922 
  -0.102663 
  -0.137933 
  -0.138776 
  -0.209418 
  -0.276761 
