13846.514690 
13332.106470 
11869.522115 
8616.137172 
7005.816170 
5279.709353 
4894.060118 
3836.879603 
3761.870108 
3479.313408 
2884.326838 
2754.121933 
2346.637706 
2293.750316 
2119.006086 
1954.382138 
1671.052398 
1381.350791 
1364.389631 
1201.175504 
1154.824163 
1097.742151 
1045.366152 
1036.597119 
 885.350882 
 872.957333 
 803.447733 
 755.396111 
 673.359782 
 605.075363 
 549.247425 
 518.576235 
 512.943128 
 488.598698 
 463.683004 
 446.472144 
 427.893103 
 391.326812 
 387.350186 
 377.889411 
 353.018714 
 341.337460 
 326.166693 
 313.408934 
 287.768835 
 266.577798 
 261.062087 
 248.339375 
 243.901120 
 226.915684 
 218.087248 
 216.682296 
 202.893821 
 198.971090 
 186.448021 
 186.094483 
 173.962684 
 169.888235 
 167.258939 
 162.379100 
 152.805376 
 141.279302 
 136.534025 
 128.689358 
 125.364708 
 117.722461 
 115.430483 
 112.782108 
 110.566658 
 106.425364 
 104.372556 
 101.574593 
 100.119563 
  97.216667 
  91.461044 
  90.571709 
  83.830416 
  82.163796 
  80.082184 
  77.070042 
  75.724763 
  73.270523 
  69.244252 
  67.982642 
  61.427547 
  60.953022 
  60.090491 
  58.495880 
  57.658039 
  55.719776 
  54.010504 
  52.010272 
  48.550807 
  47.780659 
  43.207572 
  42.646507 
  40.544904 
  39.518589 
  38.717684 
  35.534652 
  35.053153 
  34.036049 
  32.370957 
  31.225517 
  29.518906 
  29.372755 
  29.210142 
  26.952941 
  25.714696 
  25.452109 
  25.078726 
  23.667384 
  23.170377 
  21.963817 
  20.896960 
  19.956036 
  19.492093 
  18.798538 
  17.851612 
  17.420526 
  16.682900 
  15.578963 
  14.565453 
  14.209428 
  13.997715 
  13.338212 
  12.149224 
  11.374811 
  11.053335 
  10.551178 
  10.422529 
   9.980625 
   9.634144 
   9.417387 
   8.742489 
   8.327790 
   8.047212 
   7.615264 
   6.911286 
   6.733340 
   6.301531 
   5.921360 
   5.692841 
   5.520726 
   5.217689 
   4.840204 
   4.691397 
   4.448234 
   4.352066 
   4.214868 
   3.815566 
   3.521226 
   3.417093 
   3.086474 
   2.948936 
   2.625882 
   2.492154 
   2.436084 
   2.282226 
   2.184763 
   1.955120 
   1.901050 
   1.755172 
   1.711455 
   1.536791 
   1.442468 
   1.354327 
   1.342870 
   1.211421 
   1.073771 
   0.967111 
   0.875900 
   0.868282 
   0.829382 
   0.723467 
   0.629972 
   0.622853 
   0.589698 
   0.521365 
   0.473449 
   0.387686 
   0.358229 
   0.325124 
   0.275418 
   0.220450 
   0.181906 
   0.169054 
   0.110087 
   0.082699 
   0.055269 
   0.049737 
   0.041857 
   0.023921 
   0.014909 
   0.012168 
   0.001514 
