   0.987951 
   0.962809 
   0.952840 
   0.757857 
   0.745163 
   0.716481 
   0.683938 
   0.629887 
   0.599164 
   0.551281 
   0.537719 
   0.514505 
   0.498149 
   0.488241 
   0.481599 
   0.415024 
   0.376501 
   0.361262 
   0.346496 
   0.344743 
   0.343984 
   0.332846 
   0.323225 
   0.319341 
   0.312520 
   0.308465 
   0.300788 
   0.289104 
   0.288387 
   0.285816 
   0.282053 
   0.276226 
   0.275556 
   0.267535 
   0.266810 
   0.265105 
   0.264422 
   0.263119 
   0.247921 
   0.245618 
   0.245162 
   0.243505 
   0.240720 
   0.236905 
   0.234401 
   0.233113 
   0.223614 
   0.220060 
   0.211803 
   0.209011 
   0.206720 
   0.204129 
   0.200049 
   0.199393 
   0.187688 
   0.176499 
   0.174256 
   0.174182 
   0.174090 
   0.170888 
   0.170133 
   0.170072 
   0.167867 
   0.167780 
   0.164937 
   0.164563 
   0.164322 
   0.162726 
   0.160370 
   0.158206 
   0.154318 
   0.151494 
   0.149447 
   0.147940 
   0.146428 
   0.146397 
   0.146075 
   0.144612 
   0.144455 
   0.141776 
   0.140966 
   0.140679 
   0.140503 
   0.138865 
   0.136107 
   0.136027 
   0.135791 
   0.134279 
   0.133396 
   0.133059 
   0.130530 
   0.127981 
   0.127024 
   0.125726 
   0.124813 
   0.123289 
   0.123241 
   0.120383 
   0.118373 
   0.117771 
   0.117365 
   0.116855 
   0.114132 
   0.109429 
   0.108055 
   0.106125 
   0.104784 
   0.103980 
   0.103208 
   0.101960 
   0.101726 
   0.099799 
   0.097293 
   0.095754 
   0.093509 
   0.091090 
   0.085444 
   0.081078 
   0.081006 
   0.080927 
   0.080757 
   0.078749 
   0.077412 
   0.072159 
   0.070015 
   0.066844 
   0.065981 
   0.065594 
   0.064167 
   0.062935 
   0.061844 
   0.061682 
   0.059767 
   0.059162 
   0.057705 
   0.056702 
   0.053978 
   0.052459 
   0.048500 
   0.048386 
   0.045864 
   0.045574 
   0.045022 
   0.041040 
   0.040232 
   0.040068 
   0.039874 
   0.039871 
   0.038936 
   0.037598 
   0.037571 
   0.035945 
   0.033932 
   0.032777 
   0.031841 
   0.031759 
   0.031657 
   0.029000 
   0.028323 
   0.022820 
   0.014302 
   0.014197 
   0.012287 
   0.006648 
   0.006365 
   0.000508 
  -0.000965 
  -0.009368 
  -0.009517 
  -0.013449 
  -0.014225 
  -0.015269 
  -0.016505 
  -0.020760 
  -0.022923 
  -0.027872 
  -0.029254 
  -0.031936 
  -0.032677 
  -0.034937 
  -0.037309 
  -0.038387 
  -0.043210 
  -0.047745 
  -0.049427 
  -0.059244 
  -0.065062 
  -0.074048 
  -0.075434 
  -0.111676 
  -0.123098 
  -0.131878 
  -0.131890 
  -0.136725 
  -0.140644 
  -0.180634 
