16643.476917 
10651.416254 
7491.544249 
5965.855550 
5145.282587 
4966.820023 
4356.181195 
3978.583047 
3925.174008 
2319.369803 
2034.773386 
1982.704097 
1147.594674 
1091.314232 
 976.710269 
 951.430428 
 769.070648 
 650.567829 
 638.446792 
 605.736916 
 596.695563 
 533.534384 
 519.494222 
 503.065851 
 474.682974 
 472.615929 
 470.555699 
 441.150303 
 430.776270 
 418.098179 
 412.223410 
 411.628358 
 400.571903 
 392.171092 
 366.332435 
 357.462402 
 355.173324 
 352.110030 
 350.685897 
 347.261508 
 347.145142 
 343.591153 
 343.378820 
 335.114206 
 329.400952 
 328.448828 
 322.702247 
 317.264973 
 314.217127 
 313.983809 
 308.086488 
 306.301121 
 300.631964 
 297.015277 
 294.979009 
 291.179149 
 290.339910 
 281.762302 
 281.558812 
 280.238450 
 273.120489 
 265.712014 
 263.804123 
 263.332365 
 261.155398 
 249.542804 
 227.739660 
 224.278194 
 220.058494 
 219.752296 
 215.239555 
 213.906101 
 210.698338 
 209.573585 
 208.986303 
 208.427212 
 206.850711 
 206.125080 
 205.981208 
 203.207172 
 202.229703 
 193.825970 
 191.659616 
 190.327155 
 188.517723 
 187.548337 
 185.050530 
 180.346490 
 179.960488 
 179.767831 
 176.198594 
 171.356538 
 171.251779 
 170.030832 
 169.719794 
 169.498609 
 168.206494 
 168.178912 
 166.313598 
 165.421284 
 163.639412 
 160.745772 
 160.528764 
 154.614775 
 154.391987 
 154.238426 
 151.599561 
 145.191483 
 140.867874 
 138.435294 
 137.501308 
 134.485887 
 131.104990 
 125.593027 
 125.202661 
 122.412207 
 120.254674 
 119.667230 
 117.230046 
 113.658650 
 111.635380 
 110.087142 
 107.444344 
 106.861330 
 105.380437 
  99.791019 
  91.685748 
  89.947400 
  89.700775 
  89.071902 
  87.373775 
  87.162782 
  86.561240 
  80.484775 
  79.321063 
  71.261299 
  65.303975 
  60.306678 
  59.462631 
  57.430314 
  57.368775 
  54.390416 
  53.871438 
  53.196975 
  50.871304 
  48.104971 
  45.349375 
  45.209375 
  44.198400 
  43.712775 
  39.584375 
  36.335081 
  35.854775 
  35.524975 
  33.735100 
  33.341147 
  33.227900 
  31.922775 
  31.541975 
  30.875874 
  29.785900 
  29.700775 
  26.250400 
  25.744775 
  25.007900 
  24.723060 
  23.478775 
  23.250120 
  23.141775 
  22.469375 
  22.447900 
  22.248975 
  21.105371 
  20.777975 
  19.227604 
  18.769375 
  18.649125 
  18.319775 
  17.536400 
  17.121775 
  16.859600 
  16.015900 
  15.756975 
  15.667500 
  14.532975 
  13.579375 
  11.690775 
  10.406476 
   9.170975 
   7.562400 
   7.093600 
   5.435100 
   4.450000 
   1.840000 
   1.175900 
   0.985900 
