16536.872125 
11929.395981 
10182.653644 
8749.017929 
7689.983557 
4575.516022 
4431.464329 
3972.301215 
2956.871715 
2282.863391 
1938.487374 
1737.880820 
1226.980729 
1131.677309 
 970.084168 
 822.717978 
 764.668636 
 686.835419 
 660.023845 
 629.995317 
 565.712237 
 555.017451 
 510.329860 
 493.094168 
 477.363069 
 473.242808 
 447.553002 
 445.112937 
 445.109119 
 438.911270 
 434.722135 
 431.596494 
 431.297852 
 427.991799 
 420.248394 
 417.780120 
 416.187570 
 412.005722 
 410.113846 
 407.881006 
 406.752458 
 397.807372 
 379.254673 
 369.874188 
 363.195835 
 355.868389 
 355.306787 
 352.648679 
 351.516458 
 345.775218 
 333.220084 
 324.412673 
 323.626439 
 320.980767 
 314.415650 
 314.003900 
 292.542584 
 291.953361 
 289.908895 
 285.940539 
 277.632039 
 276.767849 
 275.155215 
 274.982278 
 273.724598 
 272.271558 
 271.608610 
 269.636036 
 266.042970 
 265.357605 
 262.796473 
 257.167535 
 253.746852 
 250.657489 
 243.883748 
 243.785014 
 242.794763 
 239.564535 
 239.032952 
 235.646017 
 235.287323 
 234.204367 
 228.695131 
 224.906605 
 222.595920 
 219.131487 
 215.978294 
 214.488736 
 210.899278 
 203.749606 
 203.659568 
 202.620000 
 201.282678 
 200.190301 
 200.017740 
 196.558127 
 195.214404 
 194.449696 
 187.495445 
 184.346632 
 183.221382 
 180.930920 
 176.823397 
 174.193601 
 172.504787 
 168.649326 
 167.281199 
 165.849617 
 165.839636 
 155.785807 
 142.898932 
 141.377278 
 141.003171 
 138.414302 
 136.788839 
 136.301506 
 136.124927 
 134.710266 
 132.790115 
 130.436876 
 123.546504 
 122.538838 
 121.032061 
 119.692236 
 118.312058 
 117.873600 
 107.754375 
 104.618775 
 100.347452 
  96.829244 
  96.265514 
  91.938757 
  88.893662 
  87.608975 
  85.566775 
  83.450164 
  82.696425 
  81.184775 
  79.769647 
  79.252400 
  79.168492 
  78.842337 
  77.091300 
  75.796775 
  74.410181 
  74.134146 
  73.205828 
  70.384518 
  67.844364 
  67.597600 
  67.319775 
  63.061292 
  60.934355 
  56.929375 
  56.380720 
  55.769775 
  53.459100 
  52.038703 
  49.901576 
  49.527500 
  48.244375 
  47.781100 
  43.962995 
  43.726912 
  42.454375 
  40.565100 
  36.717600 
  32.455600 
  31.694400 
  26.027900 
  23.082400 
  22.951100 
  22.574775 
  19.575100 
  19.137100 
  17.094375 
  15.946400 
  14.444775 
  14.384400 
  12.119375 
  11.905975 
  10.800000 
  10.545975 
  10.153975 
   9.914375 
   9.588975 
   9.138775 
   8.994375 
   8.764375 
   4.895600 
   4.695775 
   4.037900 
   2.893600 
   1.515900 
   0.797775 
   0.150775 
