15378.355924 
11349.458133 
6584.913279 
5919.573870 
5474.735355 
4730.189741 
3769.280545 
3367.785341 
2345.762792 
2259.880136 
1862.170560 
1481.757638 
1439.122220 
1218.807394 
 935.544302 
 677.428675 
 517.858292 
 457.506063 
 456.598334 
 448.146599 
 442.415568 
 430.314776 
 419.653704 
 409.551579 
 399.740615 
 385.877158 
 383.286497 
 377.324689 
 366.186344 
 363.140341 
 361.102569 
 353.899542 
 353.078567 
 352.416207 
 350.335580 
 341.543287 
 338.276498 
 332.453232 
 331.526100 
 328.338275 
 324.814409 
 317.049000 
 314.692562 
 307.545177 
 306.946503 
 304.731400 
 298.774205 
 296.924118 
 296.211917 
 295.649383 
 288.852763 
 286.234521 
 285.405999 
 284.886631 
 274.923938 
 273.955528 
 259.093404 
 259.035311 
 259.008298 
 255.497412 
 255.182291 
 249.771958 
 232.788058 
 228.646719 
 226.272522 
 223.757409 
 217.843372 
 217.313096 
 214.620450 
 211.123330 
 206.922982 
 205.037368 
 198.589337 
 197.519897 
 197.280406 
 196.840550 
 196.647094 
 196.604673 
 195.075694 
 193.671213 
 187.214576 
 185.198346 
 179.640824 
 178.436186 
 177.852298 
 177.691373 
 177.132703 
 176.946777 
 176.636643 
 172.595763 
 172.120349 
 170.233035 
 167.822193 
 163.593164 
 163.230657 
 163.180114 
 161.277267 
 160.862559 
 158.967802 
 151.359174 
 146.034193 
 138.449949 
 138.113227 
 133.109326 
 132.109658 
 131.955654 
 129.695975 
 128.306240 
 127.798736 
 125.866233 
 122.463077 
 121.367654 
 119.802323 
 113.883320 
 112.838068 
 110.706895 
 110.045102 
 108.042400 
 106.136846 
 105.756191 
 100.719544 
  98.885389 
  97.093773 
  95.736629 
  95.701975 
  91.186139 
  91.154397 
  83.058775 
  81.420548 
  81.279458 
  80.631663 
  80.242918 
  77.800000 
  76.472427 
  75.853975 
  70.774895 
  69.592803 
  61.871931 
  61.587302 
  59.601186 
  59.327657 
  58.857975 
  55.893900 
  55.834775 
  54.781651 
  50.885956 
  50.410777 
  46.695392 
  45.763739 
  40.908975 
  40.739100 
  40.357900 
  40.311900 
  37.867500 
  37.083026 
  33.489375 
  31.924400 
  31.249375 
  30.855900 
  29.821325 
  28.727500 
  25.822975 
  25.270000 
  25.061975 
  23.425874 
  23.345100 
  23.230975 
  22.704400 
  22.507975 
  22.254375 
  22.211975 
  22.187900 
  21.009346 
  20.594975 
  20.335775 
  19.799375 
  17.409375 
  16.655100 
  16.607494 
  15.784975 
  12.975100 
  12.891975 
  11.409775 
   8.927775 
   7.541975 
   7.085775 
   6.525100 
   6.009100 
   4.894400 
   4.721775 
   3.665775 
   3.579100 
   3.399600 
   2.067500 
   1.647100 
   0.963975 
