17825.495716 
14939.431415 
11475.688033 
7325.693952 
5197.620148 
4110.162587 
3897.902754 
2568.801447 
2012.933188 
1435.771688 
1040.998856 
 921.400875 
 809.331013 
 806.237187 
 744.744450 
 523.144007 
 512.897023 
 497.397019 
 494.764713 
 483.219465 
 463.009513 
 446.243205 
 431.320681 
 426.481384 
 421.942068 
 406.251609 
 405.944882 
 399.618152 
 398.013629 
 397.785594 
 385.652206 
 381.004856 
 368.616263 
 368.278485 
 368.178081 
 366.002939 
 359.386825 
 355.104587 
 355.097133 
 354.655275 
 350.936793 
 348.982495 
 346.444860 
 343.800635 
 336.768935 
 332.644865 
 317.180445 
 311.887145 
 311.056334 
 309.057392 
 305.448710 
 298.771760 
 297.253410 
 294.167661 
 290.903068 
 284.103104 
 283.764829 
 279.039761 
 276.854796 
 276.456732 
 274.146302 
 268.542504 
 255.492609 
 251.492442 
 245.772023 
 241.774171 
 241.632400 
 236.324789 
 234.901866 
 234.280631 
 231.650942 
 226.658519 
 224.357714 
 219.777931 
 216.933885 
 214.777397 
 213.998753 
 211.934035 
 208.205410 
 206.686113 
 205.395847 
 201.765714 
 196.712509 
 190.965965 
 190.342342 
 186.859059 
 186.650043 
 173.977690 
 171.968402 
 171.164103 
 170.672169 
 166.947764 
 166.894381 
 164.374833 
 159.771507 
 157.071906 
 155.413540 
 153.450429 
 152.308412 
 152.037295 
 151.009266 
 144.645975 
 144.575666 
 142.691687 
 136.957031 
 134.959549 
 130.868500 
 129.298514 
 128.686819 
 127.037041 
 126.671754 
 124.372529 
 123.496647 
 121.753560 
 117.640000 
 116.702715 
 113.457314 
 109.368289 
 109.227840 
 109.015298 
 107.170373 
 106.343297 
 104.993573 
 104.742620 
 104.520745 
 101.144744 
 100.471528 
  94.450628 
  92.163277 
  92.014654 
  90.149693 
  86.677500 
  85.457434 
  78.326359 
  77.090838 
  73.820400 
  71.506837 
  71.083141 
  71.054400 
  71.031100 
  68.928367 
  65.293600 
  64.536806 
  63.761278 
  63.505600 
  62.450653 
  62.223212 
  57.064491 
  54.750975 
  53.981219 
  52.052400 
  51.959763 
  51.554400 
  51.179975 
  47.494947 
  47.426778 
  45.414375 
  42.762775 
  41.125705 
  40.667100 
  40.407975 
  37.875775 
  35.910298 
  34.533775 
  33.244975 
  32.710400 
  30.884375 
  29.451975 
  28.294400 
  26.997975 
  25.064146 
  20.636775 
  19.074775 
  17.933775 
  16.287500 
  15.599375 
  14.528975 
  14.409900 
  13.346975 
  13.130775 
  12.957775 
  12.447100 
  10.021900 
   9.248400 
   8.272400 
   7.769375 
   7.642775 
   6.360975 
   6.333100 
   5.755100 
   5.305975 
   4.085975 
   3.653975 
   3.505100 
   1.459375 
   1.000775 
