12116.500583 
10890.273742 
8351.053630 
7229.333306 
6286.495944 
6050.680308 
5128.662374 
4314.613837 
3851.676163 
3020.896557 
2891.065741 
2764.086095 
2327.182923 
1948.706401 
1785.880872 
1486.044379 
1434.369962 
1401.615030 
1248.363456 
1186.577393 
1133.028688 
1007.093500 
 962.781421 
 906.752638 
 808.648273 
 768.365249 
 721.716172 
 681.106710 
 650.183965 
 632.868251 
 612.678617 
 581.429655 
 569.723705 
 528.395628 
 472.056226 
 462.416828 
 449.839808 
 436.266827 
 420.679666 
 385.762672 
 381.032196 
 346.977870 
 330.941090 
 327.204132 
 316.186364 
 286.578874 
 286.198431 
 271.995976 
 263.518878 
 259.834590 
 239.597597 
 227.483446 
 220.833668 
 209.530914 
 206.982693 
 202.862661 
 189.095578 
 186.982823 
 182.809101 
 170.966235 
 163.882007 
 158.208452 
 151.102636 
 148.095890 
 144.048276 
 138.323865 
 132.321235 
 129.304474 
 124.967845 
 121.471753 
 114.339683 
 109.466632 
 105.936647 
 102.964933 
  99.660240 
  95.013533 
  94.254513 
  89.525757 
  85.685798 
  84.275988 
  81.330819 
  77.145058 
  75.387535 
  73.693919 
  70.985527 
  69.974233 
  67.844027 
  64.280305 
  62.431665 
  61.467259 
  59.964844 
  56.006249 
  54.557036 
  52.038220 
  50.503200 
  49.640192 
  45.964598 
  44.756162 
  42.672918 
  41.512301 
  40.981117 
  39.441059 
  37.610323 
  36.976435 
  34.628390 
  33.326690 
  32.968527 
  31.030479 
  29.607735 
  29.382751 
  27.656158 
  27.263314 
  26.408470 
  25.347121 
  23.372009 
  22.641502 
  22.096412 
  21.074552 
  20.384971 
  19.706347 
  19.392781 
  18.966417 
  17.665128 
  17.261729 
  16.701332 
  15.422571 
  14.508129 
  14.278083 
  13.573625 
  13.243125 
  12.639364 
  12.101127 
  11.958124 
  11.321366 
  10.995091 
  10.292553 
  10.145467 
   9.267017 
   8.979110 
   8.845731 
   8.499360 
   7.947898 
   7.650851 
   7.208235 
   6.653776 
   6.347947 
   6.149608 
   5.761035 
   5.609124 
   5.197808 
   4.965520 
   4.849975 
   4.554077 
   3.956228 
   3.773448 
   3.707869 
   3.598282 
   3.370047 
   3.269743 
   2.931303 
   2.792961 
   2.544295 
   2.477634 
   2.274152 
   1.992948 
   1.969052 
   1.807092 
   1.563914 
   1.430853 
   1.287298 
   1.185664 
   1.119239 
   1.022800 
   0.969486 
   0.877154 
   0.755802 
   0.662288 
   0.628341 
   0.545082 
   0.515522 
   0.448343 
   0.417043 
   0.342105 
   0.329762 
   0.260286 
   0.240562 
   0.186880 
   0.157866 
   0.116121 
   0.084395 
   0.074384 
   0.046029 
   0.037372 
   0.027289 
   0.021664 
   0.009572 
