   0.479626 
   0.464758 
   0.454915 
   0.423026 
   0.422504 
   0.417332 
   0.391941 
   0.367375 
   0.364950 
   0.363705 
   0.354618 
   0.342384 
   0.326925 
   0.317456 
   0.316610 
   0.286457 
   0.282201 
   0.281688 
   0.277931 
   0.267979 
   0.259102 
   0.255710 
   0.236079 
   0.228387 
   0.207915 
   0.204847 
   0.200271 
   0.198221 
   0.196719 
   0.193048 
   0.192524 
   0.189158 
   0.188617 
   0.188299 
   0.185852 
   0.185806 
   0.178571 
   0.175274 
   0.175214 
   0.170796 
   0.167260 
   0.166532 
   0.163576 
   0.162896 
   0.159362 
   0.158595 
   0.156887 
   0.156626 
   0.154703 
   0.153925 
   0.152158 
   0.151867 
   0.150080 
   0.145103 
   0.144895 
   0.144525 
   0.139028 
   0.138075 
   0.137171 
   0.133506 
   0.133314 
   0.132568 
   0.132551 
   0.131177 
   0.130296 
   0.128887 
   0.125768 
   0.125490 
   0.124608 
   0.122132 
   0.116642 
   0.115006 
   0.114495 
   0.114491 
   0.114027 
   0.112182 
   0.111817 
   0.109497 
   0.107619 
   0.106729 
   0.100483 
   0.100190 
   0.099959 
   0.099168 
   0.099141 
   0.092905 
   0.092820 
   0.092738 
   0.092194 
   0.091841 
   0.090083 
   0.089574 
   0.088908 
   0.088407 
   0.087653 
   0.087437 
   0.083804 
   0.076690 
   0.076199 
   0.076018 
   0.075285 
   0.074949 
   0.074603 
   0.073760 
   0.073442 
   0.071488 
   0.071126 
   0.070337 
   0.069835 
   0.068754 
   0.063780 
   0.061727 
   0.057259 
   0.056495 
   0.054971 
   0.053195 
   0.052934 
   0.049219 
   0.048911 
   0.048811 
   0.048309 
   0.047567 
   0.047453 
   0.046249 
   0.044104 
   0.041149 
   0.040568 
   0.038650 
   0.035729 
   0.035165 
   0.031680 
   0.028643 
   0.027849 
   0.027537 
   0.027516 
   0.027420 
   0.027329 
   0.025897 
   0.025858 
   0.025552 
   0.022235 
   0.020946 
   0.020617 
   0.020145 
   0.018965 
   0.017708 
   0.017233 
   0.016044 
   0.009877 
   0.008229 
   0.007445 
  -0.001990 
  -0.005012 
  -0.005700 
  -0.010625 
  -0.012059 
  -0.016456 
  -0.016799 
  -0.017419 
  -0.017954 
  -0.020183 
  -0.021856 
  -0.026219 
  -0.030022 
  -0.031165 
  -0.032107 
  -0.033175 
  -0.037557 
  -0.038115 
  -0.038797 
  -0.039667 
  -0.041890 
  -0.043486 
  -0.044109 
  -0.045177 
  -0.051360 
  -0.052544 
  -0.054487 
  -0.060569 
  -0.060778 
  -0.062392 
  -0.066390 
  -0.070851 
  -0.071059 
  -0.073703 
  -0.092959 
  -0.093627 
  -0.093763 
  -0.098945 
  -0.108604 
  -0.120478 
  -0.132620 
  -0.135768 
  -0.141272 
  -0.154840 
  -0.165148 
