15800.251502 
11158.312436 
8763.553162 
5372.944414 
4726.834089 
4016.710296 
3517.243354 
2741.337932 
2156.083966 
1477.941974 
1423.810094 
1206.107132 
1084.548655 
1074.388815 
 868.397850 
 607.976000 
 471.692286 
 450.779548 
 450.530150 
 447.090101 
 415.137772 
 406.856980 
 366.888827 
 306.167802 
 279.799664 
 264.086065 
 252.040699 
 251.020186 
 250.744472 
 236.423350 
 234.988922 
 232.681779 
 225.633624 
 220.687287 
 219.940778 
 218.929741 
 217.162036 
 215.716217 
 207.048778 
 203.896877 
 192.564085 
 188.080541 
 177.840498 
 172.762880 
 170.882402 
 169.546818 
 169.381255 
 162.972465 
 162.652130 
 162.229805 
 160.953151 
 158.096977 
 152.731905 
 152.534720 
 150.834155 
 148.424586 
 141.726735 
 137.896301 
 135.640846 
 132.465249 
 128.699325 
 124.023014 
 119.318843 
 114.994551 
 114.623838 
 109.960425 
 109.082723 
 107.340125 
 107.148543 
 106.549617 
 105.499782 
 102.960488 
 102.092083 
  93.596057 
  89.882993 
  83.230420 
  81.778444 
  79.103788 
  78.092517 
  76.867500 
  75.933527 
  75.292034 
  73.104051 
  70.338775 
  68.298607 
  67.638643 
  67.054143 
  65.647999 
  64.841662 
  63.455217 
  61.700433 
  61.627322 
  61.043969 
  60.572578 
  60.037086 
  59.444375 
  58.473900 
  56.369321 
  56.316304 
  56.108608 
  56.007900 
  55.650542 
  55.559620 
  54.718352 
  49.540400 
  49.039005 
  48.126697 
  46.285222 
  45.182719 
  44.261100 
  43.259297 
  42.085952 
  41.702433 
  40.839775 
  40.365165 
  38.909986 
  38.696670 
  36.739690 
  35.146617 
  34.723900 
  33.721597 
  33.001126 
  32.285374 
  32.006238 
  31.953766 
  31.711900 
  29.087360 
  28.915775 
  28.856604 
  26.470707 
  26.148173 
  26.091628 
  25.610386 
  23.902617 
  22.634400 
  22.332975 
  21.754375 
  20.925975 
  20.026026 
  19.001975 
  18.741900 
  18.495307 
  18.117775 
  15.751863 
  15.733775 
  15.687775 
  14.857500 
  13.501600 
  12.687100 
  12.357500 
  11.983600 
  11.272666 
  11.199600 
  10.591900 
  10.261600 
   9.588400 
   9.465100 
   9.424375 
   9.110000 
   9.065428 
   8.378975 
   7.726975 
   7.257100 
   7.203100 
   6.803775 
   5.750000 
   4.409600 
   4.397900 
   4.262775 
   3.829900 
   3.609775 
   3.438975 
   2.889375 
   2.729375 
   2.187975 
   1.994375 
   1.671600 
   1.583775 
   1.579775 
   1.552975 
   1.467600 
   1.345900 
   1.313100 
   0.935975 
   0.433600 
   0.280000 
   0.167500 
   0.166400 
   0.137500 
   0.079600 
   0.044775 
   0.034375 
   0.004975 
   0.000000 
   0.000000 
   0.000000 
