20862.137636 
15069.642155 
12444.648192 
6283.351009 
5012.926691 
4047.581377 
3242.377372 
2713.615521 
1457.511815 
1187.871397 
1161.798685 
 906.548427 
 841.816927 
 712.073549 
 673.368908 
 523.898023 
 492.072813 
 406.480561 
 393.979744 
 381.067846 
 348.846191 
 323.814793 
 316.315978 
 312.374868 
 307.157897 
 302.150616 
 295.895018 
 293.680380 
 288.929656 
 285.750887 
 283.723205 
 281.290691 
 278.186327 
 277.107940 
 273.950833 
 272.495202 
 268.762884 
 268.736634 
 259.193588 
 258.550592 
 251.877612 
 247.146729 
 246.837971 
 246.223096 
 240.109215 
 239.866760 
 232.199302 
 230.033556 
 229.667230 
 225.752518 
 220.783539 
 218.402129 
 216.154654 
 214.181814 
 211.003266 
 204.571847 
 201.419806 
 199.974973 
 194.730621 
 194.310306 
 193.983270 
 190.241073 
 189.098119 
 187.375092 
 185.796892 
 179.872344 
 179.517743 
 174.777945 
 172.118180 
 170.779816 
 170.394377 
 164.587690 
 163.701356 
 162.648181 
 160.827644 
 158.413338 
 157.022556 
 156.502985 
 154.620784 
 151.354162 
 150.843161 
 150.232157 
 147.673032 
 147.075273 
 146.034348 
 144.812016 
 142.011632 
 141.061074 
 140.200441 
 133.349434 
 132.796969 
 129.702832 
 127.658292 
 125.350451 
 124.949954 
 122.220494 
 119.130215 
 115.859470 
 114.244932 
 113.840037 
 113.109460 
 110.591101 
 109.222816 
 108.857774 
 107.337044 
 106.395197 
 105.073772 
 102.366477 
  99.104223 
  97.420114 
  97.246708 
  95.650675 
  95.473037 
  95.071662 
  90.586097 
  82.602725 
  79.550557 
  77.375900 
  76.549775 
  75.784475 
  74.872392 
  67.945562 
  66.295939 
  66.188475 
  65.358475 
  64.919956 
  64.674009 
  64.192320 
  63.161235 
  61.224375 
  57.709708 
  56.237759 
  54.060778 
  51.247296 
  49.889375 
  47.241922 
  46.684813 
  45.700524 
  44.332126 
  43.413279 
  42.793935 
  41.146985 
  40.828776 
  39.132526 
  38.223544 
  37.853869 
  37.818807 
  36.991866 
  36.049639 
  34.447900 
  33.284375 
  30.530400 
  25.681100 
  23.355900 
  20.136400 
  19.062714 
  19.032975 
  17.107100 
  16.029975 
  14.633600 
  13.232975 
  13.018975 
  12.845243 
  12.347100 
  11.722975 
  11.676975 
  11.301975 
  11.231600 
  10.957500 
  10.533600 
  10.485100 
  10.383975 
  10.313900 
  10.083900 
   9.186775 
   7.327500 
   7.255975 
   6.491600 
   6.063600 
   5.839600 
   5.569375 
   5.563600 
   4.537100 
   4.337500 
   4.237975 
   4.059375 
   3.433600 
   3.240400 
   3.165775 
   2.057100 
   1.472400 
   1.147600 
   0.901900 
   0.253600 
   0.202975 
   0.000000 
