18931.792304 
9248.801626 
7959.824579 
6573.701396 
4941.359756 
3648.597175 
3330.575904 
2840.388616 
2546.383882 
1811.951758 
1672.215526 
1560.452738 
1180.525886 
1061.364849 
 939.951622 
 930.455208 
 764.398571 
 659.124306 
 656.159815 
 635.884039 
 572.719712 
 445.920162 
 423.176181 
 404.231536 
 403.528494 
 393.542296 
 386.582761 
 373.894684 
 359.778442 
 358.001148 
 356.705370 
 346.366231 
 344.874789 
 344.600621 
 335.995733 
 332.414937 
 328.685272 
 326.866631 
 322.548850 
 316.461391 
 310.108731 
 297.056682 
 285.985719 
 285.235547 
 285.173199 
 279.517654 
 276.995817 
 273.228202 
 268.545034 
 265.419763 
 260.734666 
 260.201567 
 254.982113 
 253.714840 
 253.637294 
 253.469957 
 250.568595 
 249.217320 
 247.543650 
 246.739743 
 246.437245 
 239.912782 
 235.353518 
 234.938856 
 233.526619 
 229.434824 
 226.061333 
 224.211318 
 223.777785 
 222.475061 
 221.318344 
 219.541214 
 218.754538 
 217.036349 
 214.410129 
 214.036469 
 212.187387 
 211.646640 
 210.824556 
 210.318648 
 208.120683 
 206.715681 
 206.177584 
 201.657824 
 201.642299 
 197.356869 
 196.723899 
 191.862490 
 188.298070 
 182.786873 
 181.334356 
 179.751916 
 179.208643 
 178.999583 
 178.987725 
 173.317764 
 172.906569 
 168.414046 
 164.619434 
 160.647453 
 159.374417 
 157.815546 
 157.657654 
 157.275402 
 156.767304 
 155.702577 
 153.163301 
 151.921915 
 150.423154 
 149.734785 
 147.162163 
 143.982414 
 143.481793 
 140.193965 
 137.404039 
 136.255746 
 132.856662 
 132.728340 
 131.292056 
 131.210816 
 131.200228 
 127.877500 
 127.133600 
 125.833130 
 120.125256 
 119.724038 
 117.916440 
 113.800975 
 113.432526 
 112.263313 
 112.205810 
 108.650814 
 104.304973 
 102.897426 
 101.343896 
 101.114854 
 100.970119 
  98.878284 
  98.452975 
  95.557398 
  92.577500 
  91.067210 
  89.841087 
  88.565513 
  87.685327 
  83.114531 
  77.564833 
  76.343816 
  72.982149 
  65.648081 
  63.284544 
  61.580000 
  61.402717 
  60.880283 
  57.686354 
  52.101834 
  51.594885 
  51.437600 
  49.878975 
  48.600000 
  45.937350 
  44.465600 
  43.517157 
  43.362645 
  42.917500 
  41.596232 
  40.703100 
  40.670000 
  40.380582 
  34.763852 
  30.543975 
  29.453202 
  29.164400 
  24.639375 
  22.205900 
  21.495775 
  18.261900 
  17.769775 
  16.927100 
  14.579900 
  14.016400 
  13.802775 
  10.050000 
   9.129900 
   6.581975 
   5.965100 
   5.214375 
   4.448400 
   3.017500 
   3.012400 
   2.065900 
   2.038975 
   1.919375 
   1.593900 
   1.119375 
   1.066975 
