15153.968458 
10743.514859 
9983.783744 
7195.324473 
5658.209978 
4833.954955 
4015.156422 
3273.369228 
2831.228945 
2304.068168 
1819.675368 
1664.760053 
1371.553833 
1223.485386 
1118.380511 
 927.958389 
 851.706865 
 752.500625 
 668.462908 
 611.398552 
 565.409371 
 520.965554 
 518.826213 
 462.554920 
 431.802690 
 365.094403 
 339.613321 
 305.637664 
 266.828240 
 263.968187 
 242.276543 
 238.662349 
 209.713574 
 194.378625 
 170.605732 
 163.343673 
 137.152721 
 135.521641 
 133.597324 
 129.959393 
 117.473188 
 102.423591 
  97.431409 
  96.138279 
  94.637930 
  90.643702 
  76.476103 
  76.228192 
  66.837429 
  65.449007 
  56.878321 
  48.195349 
  47.198517 
  44.086323 
  43.516932 
  42.915494 
  40.262837 
  34.938508 
  33.412818 
  32.989318 
  32.736662 
  31.449812 
  31.436582 
  31.127227 
  30.370840 
  30.123108 
  29.573494 
  26.820273 
  25.767079 
  25.764163 
  25.400344 
  25.083818 
  24.804745 
  24.595669 
  22.072977 
  21.852581 
  21.771511 
  21.435766 
  19.988174 
  19.815429 
  19.804197 
  17.734382 
  17.724559 
  17.704314 
  17.193319 
  17.180606 
  16.538894 
  15.593509 
  14.703586 
  14.660544 
  14.429012 
  14.301990 
  14.023112 
  13.849423 
  13.706093 
  13.700090 
  13.421157 
  13.307252 
  13.134162 
  13.022751 
  12.799631 
  12.782188 
  12.708701 
  12.685867 
  12.523308 
  12.409277 
  12.403993 
  12.301426 
  11.695562 
  11.337756 
  11.253189 
  10.893147 
  10.387190 
  10.360464 
  10.268721 
   9.930217 
   9.918034 
   9.883279 
   9.779805 
   9.735978 
   9.516745 
   9.498700 
   9.313371 
   9.165915 
   9.136855 
   9.077461 
   8.720496 
   8.655034 
   8.635271 
   8.202991 
   7.939715 
   7.526885 
   7.335039 
   7.296752 
   7.256025 
   7.193390 
   7.053586 
   7.003197 
   6.930911 
   6.894042 
   6.815846 
   6.286466 
   6.233966 
   5.813594 
   5.523900 
   5.519888 
   5.423252 
   5.382176 
   5.306037 
   5.247619 
   4.958325 
   4.712682 
   4.513709 
   4.470705 
   4.383868 
   4.317139 
   4.170908 
   4.129026 
   3.691538 
   3.484788 
   3.291307 
   3.230185 
   3.122336 
   2.999249 
   2.969330 
   2.876429 
   2.558291 
   2.480022 
   1.678172 
   1.647252 
   1.544622 
   1.509261 
   1.367578 
   1.014077 
   0.919016 
   0.899243 
   0.873363 
   0.772672 
   0.686442 
   0.623364 
   0.523958 
   0.439299 
   0.396400 
   0.391188 
   0.379503 
   0.312130 
   0.238218 
   0.224861 
   0.075129 
   0.019900 
   0.019900 
   0.019900 
   0.000000 
   0.000000 
   0.000000 
   0.000000 
