   0.774102 
   0.593690 
   0.569034 
   0.537086 
   0.523731 
   0.424353 
   0.410635 
   0.394631 
   0.381686 
   0.364962 
   0.349510 
   0.348301 
   0.347739 
   0.333489 
   0.329837 
   0.329637 
   0.329037 
   0.312601 
   0.310233 
   0.301078 
   0.300527 
   0.292861 
   0.292708 
   0.291501 
   0.290209 
   0.271547 
   0.262384 
   0.262053 
   0.261250 
   0.258498 
   0.250721 
   0.242303 
   0.242031 
   0.238996 
   0.238894 
   0.238325 
   0.230507 
   0.229840 
   0.228994 
   0.223696 
   0.223314 
   0.222846 
   0.221594 
   0.220996 
   0.217470 
   0.216552 
   0.215732 
   0.207872 
   0.206745 
   0.202294 
   0.200775 
   0.188413 
   0.187120 
   0.182639 
   0.181280 
   0.180206 
   0.178790 
   0.175066 
   0.174708 
   0.171336 
   0.169733 
   0.165458 
   0.164253 
   0.161278 
   0.160030 
   0.156764 
   0.156522 
   0.154479 
   0.150575 
   0.149170 
   0.146027 
   0.144792 
   0.141236 
   0.139766 
   0.137474 
   0.136869 
   0.135293 
   0.133996 
   0.133929 
   0.133304 
   0.132717 
   0.132359 
   0.130756 
   0.128196 
   0.125698 
   0.122930 
   0.119392 
   0.115924 
   0.114785 
   0.114765 
   0.113846 
   0.111345 
   0.110838 
   0.109734 
   0.107286 
   0.107105 
   0.103336 
   0.101636 
   0.101616 
   0.100977 
   0.100528 
   0.100112 
   0.099506 
   0.099186 
   0.099002 
   0.098608 
   0.096935 
   0.095141 
   0.093155 
   0.092749 
   0.092299 
   0.091164 
   0.091025 
   0.086694 
   0.084637 
   0.083505 
   0.081413 
   0.078562 
   0.077274 
   0.075290 
   0.074611 
   0.071404 
   0.067587 
   0.066858 
   0.065201 
   0.063873 
   0.060505 
   0.060455 
   0.060377 
   0.059410 
   0.056894 
   0.049222 
   0.045791 
   0.043510 
   0.037976 
   0.034680 
   0.034302 
   0.033917 
   0.032709 
   0.031631 
   0.028630 
   0.027672 
   0.024742 
   0.021343 
   0.020339 
   0.020316 
   0.017358 
   0.016841 
   0.015842 
   0.015020 
   0.014644 
   0.013544 
   0.010297 
   0.009067 
   0.006032 
   0.005871 
   0.001155 
  -0.001236 
  -0.002811 
  -0.004403 
  -0.005928 
  -0.006428 
  -0.007300 
  -0.009703 
  -0.011173 
  -0.011720 
  -0.013985 
  -0.020368 
  -0.021223 
  -0.021641 
  -0.022869 
  -0.029459 
  -0.031158 
  -0.037356 
  -0.042802 
  -0.046381 
  -0.046507 
  -0.047052 
  -0.047947 
  -0.054498 
  -0.062305 
  -0.069826 
  -0.072025 
  -0.077040 
  -0.078097 
  -0.087326 
  -0.092095 
  -0.097922 
  -0.099112 
  -0.107278 
  -0.114021 
  -0.121032 
  -0.122959 
  -0.130259 
  -0.139606 
  -0.149389 
