27745.799733 
16103.525750 
13780.304839 
9012.948272 
8205.367591 
5194.342456 
5161.839733 
3739.972987 
2919.058876 
2566.541231 
2553.113738 
1976.000706 
1214.979113 
1062.278740 
 975.558418 
 792.394447 
 634.653468 
 610.455753 
 521.464448 
 520.875869 
 470.301492 
 465.793875 
 461.922867 
 448.398937 
 430.012699 
 426.199095 
 416.928030 
 400.990082 
 388.704790 
 387.253082 
 386.961234 
 381.781508 
 380.070777 
 374.174094 
 367.665121 
 365.530346 
 364.239625 
 355.341533 
 352.009526 
 341.727604 
 338.839417 
 327.842945 
 327.621084 
 326.359815 
 325.558129 
 317.974603 
 316.624324 
 313.342189 
 313.289476 
 312.096467 
 304.352101 
 288.704632 
 287.615428 
 284.698101 
 282.729268 
 273.908067 
 268.242535 
 261.423056 
 259.416848 
 250.455484 
 248.660005 
 237.667904 
 233.920333 
 233.890904 
 225.239402 
 220.168458 
 216.473311 
 215.676812 
 212.993811 
 210.970749 
 204.329420 
 202.930846 
 199.115528 
 198.980499 
 192.552789 
 190.857106 
 183.435712 
 183.272311 
 180.467921 
 174.456512 
 168.418756 
 166.318975 
 163.759099 
 162.513849 
 160.859890 
 156.667937 
 152.454463 
 150.204659 
 149.865292 
 148.151585 
 146.503706 
 140.163651 
 131.753145 
 131.023729 
 124.606393 
 116.384975 
 115.779226 
 115.212942 
 113.479325 
 109.473536 
 107.444375 
 107.154876 
 106.412065 
 105.631937 
 102.161256 
  98.556053 
  96.916842 
  92.866428 
  92.680288 
  90.745791 
  90.721767 
  86.923575 
  85.908980 
  84.349797 
  84.099100 
  81.791364 
  79.273974 
  78.911895 
  78.767100 
  77.298775 
  75.712305 
  74.450272 
  74.248797 
  73.512553 
  70.947485 
  69.234223 
  68.547070 
  66.903775 
  66.750609 
  65.889600 
  65.392975 
  64.490253 
  62.820400 
  58.247493 
  56.716975 
  55.797471 
  54.688223 
  54.614698 
  53.099361 
  48.646698 
  46.519375 
  46.489201 
  45.846400 
  44.376975 
  44.233943 
  43.793975 
  43.414375 
  42.172608 
  39.936286 
  39.739250 
  38.940775 
  37.822775 
  37.582801 
  36.215977 
  35.975900 
  30.622400 
  30.384375 
  30.182775 
  29.523212 
  29.317600 
  28.797900 
  27.974975 
  27.828909 
  27.695600 
  25.630000 
  23.830000 
  22.190400 
  20.843900 
  19.578975 
  18.768975 
  17.546400 
  17.479375 
  16.963975 
  16.890000 
  16.214775 
  15.451900 
  15.438975 
  14.990775 
  14.714848 
  14.064775 
  13.446400 
  13.046775 
  11.261900 
  11.021600 
   9.884775 
   9.717500 
   6.393900 
   5.787600 
   5.741775 
   4.276975 
   3.916775 
   3.615775 
   2.031100 
   1.652400 
   1.249775 
   0.142975 
