17051.013693 
10437.679728 
8375.509460 
7593.703559 
6265.412333 
4340.929759 
3883.641482 
3257.928586 
3074.664317 
2844.140541 
2351.387165 
2133.983129 
1810.297620 
1718.282141 
1431.416804 
1372.020176 
1212.401363 
1095.239249 
1032.061036 
 962.445697 
 858.922670 
 825.690396 
 801.743341 
 720.125440 
 648.997689 
 625.115900 
 603.018647 
 533.783091 
 500.907318 
 471.205860 
 439.454128 
 425.512190 
 409.928230 
 391.123165 
 374.365186 
 325.364927 
 316.620416 
 308.397398 
 296.575682 
 282.961189 
 269.385775 
 250.940450 
 243.907631 
 231.457417 
 214.628376 
 209.652487 
 204.490056 
 197.154817 
 182.897725 
 176.237052 
 172.560830 
 163.484605 
 158.822746 
 149.249832 
 141.315201 
 138.182109 
 136.153639 
 123.944790 
 120.076502 
 115.775198 
 107.914621 
 105.663260 
 103.572683 
  98.015124 
  93.405900 
  90.969053 
  86.340710 
  84.376602 
  79.866504 
  75.181306 
  73.200580 
  70.703902 
  69.047297 
  68.570181 
  63.372979 
  58.628313 
  57.331824 
  53.429094 
  53.078649 
  49.623439 
  47.592602 
  47.275275 
  45.808351 
  43.501669 
  41.875622 
  39.755752 
  37.844754 
  37.093790 
  35.101865 
  34.154361 
  32.570954 
  31.691706 
  31.401275 
  29.442964 
  29.061278 
  27.401803 
  25.722055 
  25.324585 
  24.587061 
  22.695081 
  21.370951 
  20.280813 
  19.537244 
  18.265981 
  17.371634 
  17.058481 
  16.097866 
  15.574562 
  15.072018 
  14.262254 
  13.836671 
  13.147141 
  12.196762 
  11.661109 
  11.629300 
  11.023264 
  10.785996 
  10.382894 
   9.755089 
   9.326159 
   9.192100 
   9.040722 
   8.529436 
   7.997929 
   7.711761 
   7.378247 
   6.939278 
   6.676728 
   6.394303 
   6.052604 
   5.704120 
   5.574998 
   5.259152 
   4.755394 
   4.398912 
   4.246364 
   4.072653 
   3.674104 
   3.513841 
   3.437540 
   3.164278 
   3.047463 
   2.825627 
   2.731842 
   2.490648 
   2.366589 
   2.203061 
   2.072857 
   1.911613 
   1.799462 
   1.688644 
   1.607868 
   1.563937 
   1.518749 
   1.283797 
   1.230067 
   1.159493 
   1.031829 
   0.982830 
   0.929133 
   0.828866 
   0.788384 
   0.737633 
   0.645326 
   0.600109 
   0.523227 
   0.507656 
   0.433806 
   0.394649 
   0.350320 
   0.325121 
   0.316010 
   0.270995 
   0.251421 
   0.208516 
   0.164878 
   0.150224 
   0.140203 
   0.123172 
   0.104805 
   0.085943 
   0.084083 
   0.079168 
   0.057045 
   0.052670 
   0.038596 
   0.035793 
   0.029404 
   0.019534 
   0.017582 
   0.010523 
   0.006755 
   0.001421 
   0.000573 
   0.000476 
   0.000092 
