   0.584899 
   0.501437 
   0.477585 
   0.431555 
   0.429823 
   0.429209 
   0.394278 
   0.364668 
   0.344532 
   0.334841 
   0.318216 
   0.315098 
   0.304986 
   0.304388 
   0.301234 
   0.283624 
   0.279029 
   0.277312 
   0.274172 
   0.265204 
   0.263938 
   0.262511 
   0.262240 
   0.257570 
   0.256479 
   0.256124 
   0.253636 
   0.248399 
   0.242755 
   0.242418 
   0.238820 
   0.237419 
   0.235754 
   0.234779 
   0.233657 
   0.229632 
   0.227211 
   0.223578 
   0.222576 
   0.221439 
   0.217526 
   0.215761 
   0.214618 
   0.212421 
   0.202005 
   0.195934 
   0.195050 
   0.194445 
   0.191685 
   0.191635 
   0.190766 
   0.190037 
   0.188965 
   0.187540 
   0.185801 
   0.179450 
   0.178799 
   0.178147 
   0.172279 
   0.170426 
   0.168260 
   0.165751 
   0.164264 
   0.163352 
   0.159523 
   0.158442 
   0.157843 
   0.155701 
   0.155482 
   0.155326 
   0.153653 
   0.151308 
   0.151251 
   0.149951 
   0.143281 
   0.141052 
   0.135057 
   0.124463 
   0.124230 
   0.123419 
   0.120665 
   0.118162 
   0.117699 
   0.117276 
   0.116674 
   0.115722 
   0.115558 
   0.111676 
   0.109956 
   0.109213 
   0.106300 
   0.103506 
   0.103192 
   0.103159 
   0.100301 
   0.097148 
   0.087635 
   0.086774 
   0.084303 
   0.084137 
   0.081345 
   0.079402 
   0.077583 
   0.077343 
   0.074311 
   0.072408 
   0.071938 
   0.065555 
   0.064609 
   0.062575 
   0.060594 
   0.058387 
   0.057621 
   0.053994 
   0.053437 
   0.052150 
   0.051470 
   0.051334 
   0.050399 
   0.050056 
   0.049465 
   0.048679 
   0.048259 
   0.047416 
   0.043935 
   0.042817 
   0.042548 
   0.036448 
   0.036099 
   0.034893 
   0.033361 
   0.031139 
   0.030139 
   0.030040 
   0.027310 
   0.026782 
   0.026184 
   0.021990 
   0.021677 
   0.021627 
   0.021477 
   0.020007 
   0.019868 
   0.014106 
   0.013260 
   0.012175 
   0.010131 
   0.009646 
   0.007893 
   0.006679 
   0.003595 
   0.003253 
   0.002431 
   0.002204 
  -0.001333 
  -0.001495 
  -0.002314 
  -0.002493 
  -0.005822 
  -0.006295 
  -0.006939 
  -0.007136 
  -0.009238 
  -0.009541 
  -0.015150 
  -0.017262 
  -0.021005 
  -0.022168 
  -0.024358 
  -0.026082 
  -0.030647 
  -0.033008 
  -0.036617 
  -0.048008 
  -0.050284 
  -0.050502 
  -0.051564 
  -0.053398 
  -0.057322 
  -0.059930 
  -0.065477 
  -0.067081 
  -0.068241 
  -0.069149 
  -0.076388 
  -0.086901 
  -0.087320 
  -0.089164 
  -0.095324 
  -0.096581 
  -0.103458 
  -0.107826 
  -0.117241 
  -0.125720 
  -0.153542 
  -0.212317 
