3.855
24.38
0.635
1.47
13.675
33.765
2.025
3.235
78.18
48.98
7.52
9.16
105.34
51.575
11.69
12.525
43.75
33.395
6.79
5.915
10.77
14.105
2.38
1.665
2.825
5.34
0.665
0.32
12.68
94.84
5.215
4.825
9.24
101.1
6.37
6.32
37.79
72.95
12.525
8.875
46.415
59.39
15.025
10.54
21.31
75.59
9.68
8.86
9.445
43.315
3.495
4.635
4.34
15.05
1.04
1.51
9.555
77.61
4.21
3.585
14.755
63.825
5.2
4.03
64.715
42.53
10.655
6.93
61.42
40.055
14.365
5.12
14.44
51.415
7.305
3.82
6.465
33.6
2.605
3.13
9.255
19.225
1.66
3.28
12.89
109.0
3.8
6.08
17.525
79.325
8.155
5.265
57.73
42.595
15.805
5.79
48.225
59.49
13.19
7.945
11.065
76.225
9.17
3.6
6.59
48.68
5.4
2.21
27.625
32.36
3.57
5.315
14.895
109.875
4.23
6.37
27.52
86.305
7.12
7.625
59.69
44.945
11.92
9.235
39.68
55.8
13.265
5.445
6.88
65.485
7.625
2.51
6.8
39.96
5.655
1.345
62.345
38.915
13.775
5.825
6.765
12.905
0.515
0.815
37.615
15.025
1.53
3.6
82.78
16.9
2.945
12.275
57.255
14.22
2.58
11.485
7.72
11.44
4.38
2.23
9.385
17.69
16.185
0.17
77.045
50.19
41.54
3.115
4.49
2.605
0.05
0.385
25.14
13.9
0.26
5.44
55.695
50.245
0.63
29.43
46.305
119.58
4.795
49.27
12.185
167.18
26.0
22.905
16.0
133.605
58.17
3.115
47.715
97.53
64.34
1.595
