2.855
19.86
2.17
0.515
22.345
31.14
5.78
2.305
104.15
45.255
13.12
14.605
74.035
46.9
16.74
12.375
15.155
30.55
10.45
3.345
30.175
20.77
3.525
17.39
43.575
39.565
1.27
34.93
10.16
97.35
13.375
2.775
12.02
92.83
16.855
3.385
60.55
57.64
20.31
10.9
49.43
53.145
24.255
9.0
11.82
36.9
12.635
2.355
13.12
14.705
2.075
10.07
37.36
43.28
2.035
37.135
9.135
89.7
12.685
2.96
13.63
64.375
11.64
2.755
85.555
36.715
11.835
10.745
69.135
32.88
13.565
7.58
5.8
43.865
7.79
3.895
6.12
31.27
2.13
10.92
27.27
40.43
2.195
33.345
2.515
19.085
6.575
0.545
13.655
30.505
17.3
0.77
70.6
36.36
25.77
7.24
53.615
69.335
27.22
9.79
7.23
103.955
15.705
15.26
12.34
68.57
3.68
34.22
36.045
42.66
2.4
38.465
27.395
33.52
31.39
0.705
21.535
56.28
46.5
1.315
64.95
44.225
31.925
6.51
63.81
32.56
20.13
4.64
11.9
38.025
6.825
9.19
40.595
28.085
3.75
28.63
93.525
26.69
8.645
31.36
86.175
44.115
30.57
13.6
45.355
38.455
26.725
9.655
93.635
19.275
18.545
4.455
75.925
3.5
8.485
1.97
13.885
3.215
3.98
1.34
52.825
6.63
19.32
4.905
108.38
16.635
29.295
6.62
74.49
79.36
5.985
41.375
40.945
124.525
15.535
36.375
75.86
88.205
33.76
10.685
59.9
21.025
16.75
2.875
31.045
39.56
21.995
6.52
53.885
58.315
61.2
4.58
55.85
36.03
46.2
0.52
