42.39
75.725
1.675
26.52
25.675
39.26
1.57
25.925
10.3
17.72
2.595
9.595
13.72
19.01
15.745
1.445
50.5
48.66
44.245
3.305
62.0
63.79
36.165
5.595
38.58
40.55
11.22
3.12
21.53
38.99
1.175
21.665
24.675
45.58
3.685
31.23
21.165
41.665
16.685
14.655
25.085
39.78
48.355
1.99
26.595
38.865
49.405
0.375
12.01
23.915
18.98
0.285
4.25
13.835
4.425
0.4
6.63
12.805
3.155
4.83
18.88
29.97
16.67
9.6
30.565
47.85
43.77
6.655
26.485
54.63
48.59
2.185
11.425
54.585
24.985
1.025
4.63
51.645
11.205
1.22
18.69
62.135
9.76
4.315
11.42
46.245
20.695
1.02
19.145
47.795
38.01
2.61
21.65
72.575
40.72
5.175
13.37
98.665
33.145
4.04
12.835
91.975
27.49
4.19
14.775
71.17
26.03
3.555
33.285
78.935
27.905
4.305
18.785
98.685
31.685
2.865
6.965
64.45
29.67
1.575
7.635
66.985
24.53
2.11
21.24
65.2
32.035
2.225
34.57
51.915
43.875
3.1
19.96
38.05
30.965
1.265
11.785
29.63
15.765
0.39
7.295
43.76
9.835
1.6
3.445
19.15
7.65
0.515
18.01
13.565
7.85
2.085
55.785
19.305
23.39
6.08
51.785
21.245
25.75
6.29
15.185
11.25
9.155
1.81
3.33
4.37
2.1
0.16
0.535
2.34
0.36
0.135
2.055
1.885
0.28
0.71
16.63
8.935
1.365
7.83
45.26
43.96
3.85
35.24
38.835
113.505
3.79
55.57
14.48
161.665
3.995
36.3
24.11
190.695
10.595
20.19
