2.27
4.24
0.315
0.515
26.625
11.965
0.93
4.11
121.405
29.81
4.705
16.22
114.68
18.07
4.855
13.675
16.165
6.49
3.585
1.6
2.82
13.7
3.065
2.295
3.245
8.725
0.35
3.83
6.68
35.595
7.005
1.43
15.49
38.17
9.305
2.695
79.69
24.32
9.765
6.395
88.305
10.26
12.665
6.41
19.3
31.0
29.135
1.365
5.985
64.795
19.265
13.855
20.95
39.595
1.57
34.575
27.625
99.22
23.435
4.9
30.05
66.355
21.215
6.39
66.375
32.215
16.89
7.75
70.29
23.715
38.07
7.725
22.86
47.745
60.13
1.945
6.81
61.615
19.32
15.305
91.93
45.52
3.65
67.32
38.125
60.09
19.35
4.265
52.78
35.745
23.975
5.71
54.285
27.995
24.535
7.045
58.64
21.48
41.93
5.61
18.175
16.0
27.535
1.02
3.97
11.48
4.895
3.705
172.015
14.36
13.17
34.785
48.91
23.585
21.76
1.565
46.545
28.075
30.48
2.93
56.205
28.77
24.61
6.595
77.895
8.465
13.84
5.05
18.135
1.34
3.775
0.66
8.14
1.305
6.82
0.145
163.915
8.14
48.765
5.21
64.435
39.91
30.59
2.375
41.635
26.79
28.93
1.835
77.605
15.385
12.805
5.925
95.45
2.675
3.755
5.34
21.71
1.055
2.245
1.03
23.59
7.21
27.68
0.27
96.16
16.12
74.435
0.565
56.015
58.535
19.785
5.535
34.69
21.275
12.59
3.205
95.775
23.845
7.075
11.185
117.965
23.54
6.11
10.095
38.735
9.97
10.74
2.275
48.415
25.24
51.445
1.89
47.515
20.46
51.705
0.47
