73.545
156.155
5.67
7.25
25.735
157.15
4.93
7.285
18.365
165.31
3.22
8.935
16.17
153.84
1.45
11.23
17.495
128.23
1.65
13.005
21.0
84.55
1.72
9.92
23.43
42.655
1.29
5.685
9.65
38.55
1.145
2.285
2.93
37.325
1.455
2.54
2.885
42.36
0.935
4.09
4.0
48.355
0.64
6.385
6.205
51.07
0.995
9.26
9.54
43.48
1.13
8.16
12.74
31.81
1.73
4.82
0.64
2.985
0.115
0.12
0.205
3.11
0.225
0.3
0.22
5.06
0.34
0.65
0.77
8.04
0.43
1.47
1.64
11.055
0.495
2.28
2.79
12.03
0.53
2.09
4.04
10.33
0.765
1.155
4.34
13.88
0.57
1.44
1.6
5.23
0.355
1.305
0.89
1.9
0.175
0.455
0.195
1.07
0.125
0.14
0.14
1.175
0.09
0.185
0.4
1.8
0.175
0.205
0.68
2.29
0.455
0.055
24.65
62.38
1.58
12.57
8.96
27.4
0.275
10.905
4.17
14.185
0.075
5.06
1.175
5.735
0.05
1.63
0.43
3.42
0.295
0.385
0.73
5.48
1.115
0.085
4.715
14.885
2.705
0.515
40.48
64.84
0.905
18.105
21.81
50.55
0.23
20.22
13.355
49.045
0.175
13.765
8.115
46.405
0.47
6.19
5.47
44.765
1.65
2.155
6.555
43.255
4.2
0.94
32.065
64.045
7.96
2.41
35.34
43.59
0.45
9.96
33.14
79.015
0.17
17.135
26.435
122.71
0.55
17.155
16.29
152.79
1.66
11.53
10.93
163.93
4.445
6.375
13.665
157.25
8.25
3.825
97.17
183.175
18.9
4.565
