4.67
13.475
0.91
1.205
19.04
43.88
2.745
13.165
37.33
92.19
4.865
43.075
34.07
79.365
5.525
39.25
15.995
27.505
3.97
8.99
3.37
4.87
1.185
0.685
0.355
0.51
0.105
0.02
2.94
20.45
2.615
0.595
1.54
40.905
6.63
1.065
4.74
66.655
14.125
4.11
15.59
78.515
20.48
8.015
20.165
52.08
19.54
5.985
11.7
14.195
7.83
2.175
1.01
1.515
0.925
0.33
10.235
73.985
9.305
2.695
3.965
99.17
18.13
1.945
9.185
103.705
29.83
1.45
32.35
77.915
46.475
5.14
34.8
33.45
43.455
4.595
11.055
8.035
12.145
1.185
0.835
0.71
0.9
0.225
5.035
38.7
4.985
1.27
5.905
30.265
10.7
0.44
25.44
29.855
39.15
1.085
40.75
27.025
66.28
2.625
18.32
9.68
28.39
1.52
1.9
0.975
3.43
0.115
1.78
1.07
0.78
0.11
3.4
6.65
5.6
0.09
17.01
19.405
29.605
0.45
33.845
42.005
55.89
5.81
30.72
48.165
31.99
18.805
15.55
13.465
4.94
13.825
2.395
2.025
0.91
1.75
12.285
12.55
11.21
0.685
24.815
35.23
32.975
0.11
25.06
37.52
52.835
0.645
16.485
52.195
35.56
7.95
31.56
48.775
7.925
34.93
38.725
26.97
1.93
38.515
10.01
28.795
9.205
9.03
32.855
58.46
46.125
2.18
117.56
133.445
56.94
3.925
38.635
35.62
39.825
0.26
9.06
15.315
10.88
2.765
29.265
18.53
1.5
22.925
46.605
73.27
3.23
48.595
24.12
131.16
24.755
21.805
50.09
125.31
62.23
3.11
