14.31
42.185
5.41
2.315
76.12
37.315
17.99
4.595
99.0
51.62
27.59
6.51
37.75
46.59
17.455
3.895
16.625
28.37
5.55
4.555
10.06
30.19
1.93
8.2
8.71
31.93
1.645
8.485
25.35
123.975
14.925
7.55
48.48
64.975
30.875
6.83
38.715
61.235
31.5
5.95
11.92
54.195
15.255
2.64
11.66
34.7
6.505
4.145
9.485
46.695
3.68
11.7
10.765
63.365
2.84
17.36
44.01
74.225
20.245
4.54
72.89
31.285
35.585
3.69
30.845
17.505
18.36
1.33
5.975
14.895
3.595
1.285
29.695
33.4
5.205
8.2
29.32
59.975
5.465
14.71
15.74
83.41
4.3
18.99
58.38
30.015
23.12
1.675
65.05
10.115
26.61
0.985
18.94
4.1
7.16
0.24
8.275
11.31
2.695
1.92
63.3
21.015
6.35
11.435
66.18
22.455
5.315
12.1
17.665
27.53
1.9
7.155
44.45
30.51
14.805
1.865
37.645
11.995
13.09
1.54
21.2
26.11
16.775
0.915
14.5
68.99
18.56
5.65
53.38
57.74
13.02
16.71
61.745
33.975
6.675
21.295
21.03
38.13
1.655
16.415
18.175
15.09
4.275
1.09
27.61
6.585
6.355
2.83
62.87
21.35
20.325
9.405
44.9
58.14
24.03
10.79
55.215
51.685
16.565
15.125
51.285
46.445
11.39
23.02
38.39
79.375
4.19
37.715
7.055
5.99
1.16
0.945
19.885
5.1
1.7
6.885
67.305
34.0
5.055
42.77
64.56
116.48
20.68
50.43
70.205
109.12
50.35
13.405
64.895
46.48
30.16
9.805
44.85
60.43
6.985
23.755
