5.72
45.215
2.985
1.62
8.595
70.115
5.595
2.945
41.77
93.345
10.38
9.325
86.905
89.315
13.57
17.75
59.86
86.52
10.005
14.765
18.48
60.935
5.62
5.905
5.975
25.89
1.95
2.265
9.215
85.585
6.815
2.795
3.51
96.3
9.77
2.56
15.745
92.26
10.325
6.82
54.235
55.53
10.425
14.03
49.325
64.545
12.09
10.45
15.925
73.14
8.75
5.205
8.695
44.585
5.285
3.015
7.475
72.39
4.905
2.27
2.79
89.56
8.975
2.645
13.615
98.11
12.355
4.01
55.8
61.69
12.815
11.065
52.7
62.3
12.865
11.135
17.305
87.385
14.255
3.355
10.8
67.15
9.99
2.33
7.305
75.08
6.41
2.305
2.375
94.965
9.92
2.52
7.32
97.535
10.805
3.37
49.285
58.985
9.07
11.01
69.52
42.46
9.9
10.93
25.4
50.345
7.625
3.39
5.525
33.42
4.78
0.845
14.345
53.995
14.26
1.22
3.115
80.475
13.12
1.58
5.745
97.245
7.77
5.21
41.795
65.35
8.6
9.885
65.505
37.455
6.235
15.475
28.705
41.205
2.025
13.095
5.83
33.82
0.67
9.39
67.15
68.245
21.795
11.07
23.045
81.51
19.965
8.84
10.895
97.24
9.685
7.62
37.89
70.72
9.075
11.725
48.855
46.985
10.66
13.42
22.85
76.135
4.38
24.545
22.75
101.75
2.1
36.72
69.245
76.905
4.94
38.24
33.815
130.525
5.92
49.22
18.085
181.2
16.515
28.55
47.62
145.05
37.23
8.73
68.09
70.435
29.205
3.71
27.855
46.365
6.775
10.495
35.815
90.04
2.74
28.895
