9.685
3.815
3.505
0.075
57.375
27.64
19.015
1.18
99.615
70.19
20.86
15.915
73.355
42.06
3.485
24.82
17.16
4.305
0.12
6.185
0.315
0.065
0.0
0.08
0.0
0.0
0.0
0.0
23.595
11.27
13.985
0.12
58.63
18.985
34.845
0.53
51.305
34.085
22.485
12.595
63.52
24.61
2.665
38.715
38.105
5.955
0.385
20.665
3.08
0.365
0.005
1.35
0.0
0.0
0.0
0.0
50.305
29.335
33.37
0.48
56.79
13.19
39.44
0.05
28.025
8.63
13.37
4.825
49.755
11.15
1.095
36.69
61.935
9.12
0.585
46.41
14.755
2.55
0.07
10.015
0.275
0.065
0.0
0.19
70.995
46.125
37.26
1.05
37.46
6.48
23.92
0.0
8.035
0.76
3.585
0.48
18.38
3.015
0.22
15.225
61.005
9.635
0.91
53.97
40.34
8.13
0.36
33.6
5.05
1.855
0.03
3.395
71.17
40.485
21.18
0.955
19.48
3.125
9.155
0.0
1.65
0.065
0.545
0.02
3.055
0.57
0.03
2.475
36.705
5.99
0.355
30.36
59.975
14.875
0.525
52.115
26.305
12.195
0.06
18.52
50.175
25.515
7.575
0.975
8.67
1.5
2.32
0.0
0.185
0.0
0.065
0.0
0.115
0.0
0.0
0.035
11.525
1.86
0.05
8.235
52.67
13.065
0.115
39.38
70.205
35.05
0.1
45.495
26.4
19.615
2.005
0.56
3.515
0.98
0.625
0.0
0.0
0.0
0.0
0.0
0.0
0.0
0.0
0.0
1.525
0.19
0.0
0.805
31.715
10.32
0.02
17.685
179.7
102.14
2.69
72.87
