65.235
45.26
2.27
3.155
15.17
5.53
0.455
0.965
0.74
0.05
0.01
0.0
6.72
1.39
0.14
1.06
62.295
15.495
0.985
15.795
99.295
33.795
1.05
32.96
63.915
31.145
0.34
19.52
110.05
44.0
2.9
7.0
23.335
4.48
0.46
1.725
1.0
0.06
0.015
0.065
0.985
0.195
0.0
0.39
17.02
2.34
0.105
8.595
52.8
12.21
0.175
26.745
91.135
30.725
0.02
28.72
152.2
35.98
1.84
10.87
37.59
5.53
0.335
3.935
1.86
0.2
0.005
0.435
0.17
0.045
0.0
0.015
5.49
0.765
0.01
2.465
37.64
8.405
0.115
12.84
133.27
30.855
0.335
26.8
146.69
29.235
0.645
14.61
51.535
6.705
0.105
8.335
6.105
0.425
0.065
1.215
1.215
0.165
0.195
0.015
2.11
0.36
0.12
0.39
23.53
5.275
0.225
4.36
144.275
27.125
1.85
16.98
115.915
24.365
0.12
15.66
65.67
8.705
0.385
15.71
16.16
1.86
1.275
4.115
6.08
0.82
1.935
0.165
2.95
0.475
0.58
0.125
14.92
3.84
0.695
1.255
119.18
23.415
4.56
7.855
75.01
18.775
0.085
14.09
70.58
15.235
1.195
25.45
35.88
10.21
5.055
11.285
14.015
2.57
4.19
0.655
3.45
0.62
0.925
0.125
11.145
3.94
0.925
0.47
81.86
20.975
4.54
3.355
45.72
18.57
0.27
13.21
81.505
45.06
4.445
35.55
76.19
44.005
10.69
24.075
28.97
10.335
6.265
2.63
3.49
0.76
0.77
0.04
10.275
5.52
1.455
0.34
59.135
29.02
4.43
2.005
