5.56
57.28
4.235
1.435
24.71
48.29
10.24
1.89
88.135
61.015
20.16
10.35
72.075
83.595
21.65
12.88
25.865
76.785
16.375
5.995
10.6
35.34
6.37
2.44
3.665
8.67
1.025
0.73
16.51
154.14
12.845
4.765
22.47
98.53
18.8
4.63
45.665
56.205
27.635
6.235
26.345
66.695
23.425
4.045
7.49
67.165
14.295
2.67
6.53
36.475
8.07
1.925
4.725
15.45
3.4
1.085
14.89
72.49
8.075
2.365
41.48
50.535
16.145
5.82
62.52
52.435
22.91
12.495
21.19
51.415
13.92
8.915
6.91
42.115
19.62
4.095
9.8
47.44
29.155
2.055
11.395
41.285
16.03
2.21
10.71
14.285
2.815
0.89
27.075
34.995
10.92
5.75
33.23
68.895
19.22
15.975
23.485
81.41
21.77
17.555
25.685
63.085
33.455
11.185
21.91
51.005
34.855
6.06
8.95
35.05
14.75
1.68
5.475
11.8
4.165
0.7
12.72
28.405
18.13
1.725
22.53
48.12
43.85
4.37
27.85
57.66
42.485
8.105
42.965
47.72
19.985
17.79
32.275
27.345
8.955
15.335
7.115
12.745
3.48
3.32
20.425
16.845
7.535
2.075
35.565
25.0
24.9
3.685
38.36
30.175
39.145
4.46
21.74
26.63
23.045
4.175
24.255
28.325
8.27
8.43
18.775
25.98
5.175
8.37
9.77
32.31
6.95
3.97
27.92
26.545
2.41
9.455
44.075
61.51
6.32
29.825
35.38
133.24
7.165
40.425
11.885
192.54
6.39
23.545
3.575
209.48
11.89
8.795
3.955
200.03
21.85
3.335
35.67
238.69
39.56
7.63
