124.51
107.425
2.725
19.37
70.295
40.86
0.865
14.28
28.415
9.145
0.35
5.12
5.12
1.795
2.32
0.435
13.925
8.685
10.77
0.42
24.885
19.85
14.785
1.36
25.805
22.795
8.67
1.33
68.525
35.09
1.045
12.75
60.86
23.66
0.73
16.96
35.91
14.36
2.91
10.54
10.565
14.685
16.54
1.58
14.56
27.425
35.035
0.42
15.705
32.535
28.795
0.725
13.4
27.04
12.265
1.045
42.22
19.02
0.905
7.495
52.135
26.555
3.715
16.425
38.815
38.05
15.705
15.22
16.485
45.815
42.645
3.755
11.775
45.31
46.515
0.69
6.79
32.775
23.47
0.545
5.535
18.475
7.06
0.69
26.425
20.61
5.995
3.3
37.085
34.8
19.035
7.13
31.24
45.39
34.54
6.06
14.91
39.375
38.47
1.805
5.33
22.41
18.84
0.24
1.255
8.71
4.805
0.18
0.72
3.56
0.92
0.09
51.035
42.045
16.53
1.43
41.635
35.265
26.905
1.605
27.51
26.33
26.21
0.95
8.03
10.93
11.27
0.27
1.06
2.975
2.21
0.045
0.08
2.215
0.945
0.0
1.75
7.21
1.95
0.48
80.965
44.72
9.095
9.13
48.405
31.37
8.925
11.53
23.345
26.295
5.245
8.665
4.695
21.055
1.73
2.94
1.25
21.52
2.45
0.72
1.77
27.055
5.695
0.36
15.345
53.295
9.835
3.375
55.225
62.735
0.525
20.135
32.35
96.585
0.58
30.415
18.67
151.635
1.145
27.54
6.165
183.375
4.105
13.615
4.885
186.725
10.165
4.805
8.33
173.595
16.995
2.11
64.29
199.895
29.725
7.85
