38.055
18.45
0.885
5.78
65.7
18.725
2.955
9.91
49.155
12.96
4.005
6.05
45.965
11.27
8.295
2.57
117.725
25.455
19.69
9.25
56.33
23.24
9.04
9.9
3.09
5.79
0.3
3.64
35.235
11.815
1.485
8.395
68.295
15.24
5.335
13.98
49.095
32.975
15.045
9.015
30.0
50.65
30.935
3.715
56.53
56.025
32.74
11.175
27.115
70.76
10.02
35.715
18.03
33.365
0.705
39.93
28.28
13.94
12.2
5.57
54.965
28.065
22.85
10.79
43.015
50.195
31.365
9.295
51.23
52.78
40.99
5.97
64.475
34.775
34.005
5.985
19.295
39.995
6.93
27.3
90.575
34.96
1.335
75.01
52.325
30.575
43.76
1.9
44.62
36.43
34.75
10.55
64.01
30.35
18.425
18.115
80.73
19.345
35.695
6.25
61.35
4.41
25.045
1.255
12.035
2.75
2.33
4.965
172.665
9.775
7.085
37.865
120.135
36.665
44.555
5.175
46.195
24.18
20.335
11.02
65.625
23.795
15.36
20.12
69.64
18.385
29.085
10.42
33.8
3.635
13.705
3.53
9.93
0.775
4.41
0.455
178.715
7.855
32.655
6.455
133.515
47.74
15.415
26.7
33.27
39.39
22.195
8.965
46.265
31.55
29.92
7.185
49.65
23.48
16.19
13.63
21.835
7.6
5.41
7.235
22.155
2.835
18.89
0.36
127.695
14.46
60.45
0.715
79.34
88.325
7.045
42.4
24.345
102.065
30.255
13.325
28.23
55.09
33.815
4.855
33.5
29.295
11.395
11.86
29.27
15.345
11.265
6.5
64.965
21.725
50.715
1.695
89.69
26.89
63.44
1.25
