26.235
49.245
1.995
4.955
22.255
68.35
2.335
13.5
22.94
108.66
2.79
30.63
20.115
114.915
2.4
37.11
14.67
74.425
1.605
21.14
7.67
34.73
0.735
7.605
5.375
19.08
0.26
3.545
64.225
45.98
6.66
5.715
29.995
22.495
5.53
2.94
11.0
15.305
2.895
3.11
6.08
22.125
2.335
5.64
4.96
24.125
1.935
5.48
3.12
16.025
0.865
2.62
2.645
9.84
0.445
1.55
111.775
41.79
10.105
6.77
44.65
32.905
8.785
4.19
13.595
44.43
9.085
1.77
4.845
60.7
7.925
1.59
0.935
65.06
3.575
3.7
0.82
48.07
0.685
8.335
3.815
27.24
0.235
8.79
91.395
63.765
9.19
9.6
23.825
77.545
17.195
6.805
6.55
99.925
21.835
2.96
2.61
112.115
14.835
4.15
0.94
114.02
4.985
9.395
7.195
97.39
1.65
23.865
49.24
73.945
1.735
37.1
34.9
64.88
6.81
6.08
5.33
46.665
13.355
2.64
1.555
37.525
11.255
1.265
0.925
30.165
5.22
1.84
2.025
31.595
2.6
3.91
17.445
40.835
7.165
12.025
120.12
53.97
18.225
27.805
7.635
26.72
1.645
2.56
1.645
12.76
2.26
2.045
0.69
8.69
1.925
1.175
0.91
13.4
5.215
0.385
4.245
26.79
16.58
0.365
18.64
43.075
31.54
1.145
86.335
54.45
42.17
3.875
15.235
54.575
1.32
6.09
9.14
71.32
4.565
6.515
9.605
108.085
14.48
5.11
11.525
131.25
33.465
2.62
12.505
121.885
50.19
0.78
18.06
83.12
46.75
0.17
29.335
51.91
29.65
0.045
