0.5
7.05
0.705
0.165
0.11
8.78
1.13
0.0
9.965
18.655
2.58
1.43
82.155
40.64
5.795
12.24
112.79
52.085
6.865
19.21
34.775
56.395
7.01
7.2
21.995
97.345
11.73
5.01
7.69
92.575
10.755
2.48
0.355
83.4
15.06
0.255
2.555
101.145
16.895
0.625
30.625
87.06
16.515
6.49
57.33
53.985
14.185
12.34
26.415
88.275
14.875
5.005
21.305
142.68
17.055
4.8
14.03
147.88
20.65
5.5
2.22
99.935
23.065
0.5
2.94
107.37
22.475
1.055
25.75
93.845
16.92
8.815
75.79
42.565
11.97
12.435
45.21
35.405
6.92
3.945
9.715
45.2
4.475
1.19
7.935
34.0
6.87
1.695
23.445
25.51
20.995
1.57
26.67
66.24
37.235
3.495
31.79
84.26
19.535
14.345
77.77
32.22
8.06
16.82
52.055
8.995
1.865
6.915
10.135
4.49
0.15
1.405
9.075
2.605
1.81
1.75
50.28
14.855
12.805
14.0
53.79
49.445
20.705
22.22
38.105
59.255
16.36
14.76
72.455
27.18
11.68
11.885
55.68
9.83
2.925
7.245
18.435
5.745
0.56
1.67
3.3
1.15
0.175
1.355
18.13
14.18
1.275
15.005
20.26
63.325
5.165
28.34
24.605
86.335
18.23
14.58
62.08
37.355
20.95
7.305
55.77
11.805
8.345
3.53
20.375
6.53
1.64
0.965
0.93
2.72
0.185
0.385
2.71
17.02
2.81
2.97
8.315
55.81
16.39
5.935
35.43
90.81
46.825
5.235
69.585
66.445
51.41
3.17
41.455
25.005
17.535
0.835
11.85
8.665
2.82
0.235
