1.955
2.26
0.18
0.085
26.715
14.18
1.0
4.485
88.285
39.21
2.04
20.295
88.81
44.96
2.9
22.85
32.98
40.47
6.91
6.85
18.5
52.855
10.145
0.99
40.035
76.195
10.2
2.76
5.93
32.415
2.85
0.755
8.475
41.88
6.59
1.925
34.28
47.71
10.21
8.76
45.03
43.665
8.415
15.83
27.395
61.31
13.29
9.125
16.635
74.785
16.985
2.195
29.185
81.635
13.99
2.3
17.06
103.495
8.69
3.165
4.925
99.125
15.34
1.36
8.47
91.045
17.225
3.13
19.495
64.23
9.26
17.385
32.25
52.67
8.22
27.85
21.525
52.965
8.73
15.83
13.885
46.32
6.12
4.575
7.685
66.065
5.53
1.89
1.06
44.5
7.265
0.445
0.795
32.525
5.605
1.045
7.74
25.82
2.38
11.33
24.16
37.935
2.265
34.14
22.97
54.915
3.47
34.585
15.855
61.17
2.74
20.725
7.905
42.175
1.49
8.5
2.585
12.47
0.815
5.42
0.6
3.15
0.315
1.375
1.36
2.85
0.67
1.19
6.875
13.575
2.085
7.835
10.9
34.93
2.63
14.34
12.765
59.475
2.82
15.1
20.155
79.78
1.415
27.48
11.21
50.675
1.205
33.9
4.745
33.43
0.43
20.475
0.935
19.715
0.245
6.625
1.055
12.86
0.68
1.945
1.555
12.485
1.29
0.94
3.785
17.305
2.435
1.175
10.81
35.55
0.41
17.1
15.645
66.275
0.59
41.21
14.775
119.735
0.34
51.66
8.165
162.79
0.83
34.995
9.08
170.275
3.69
16.325
14.405
135.19
6.15
7.305
31.305
108.44
10.335
4.94
