6.92
5.615
0.5
0.895
17.05
4.23
6.26
0.73
65.91
36.955
34.735
10.43
77.22
74.115
30.795
41.66
57.005
48.61
7.525
41.82
17.355
27.78
1.99
12.645
7.54
14.11
0.655
8.255
40.705
27.825
1.84
10.82
31.95
4.08
9.49
1.28
64.225
21.03
31.4
4.975
51.72
48.515
32.505
13.65
52.71
53.545
17.095
20.7
25.195
76.305
7.35
26.67
33.185
53.27
2.565
44.52
113.975
44.195
7.29
32.16
47.54
13.77
26.205
5.375
55.01
33.37
48.86
5.98
39.575
47.555
34.355
8.265
80.815
32.185
12.73
14.5
50.44
37.55
7.195
17.295
118.82
46.145
7.82
65.735
141.975
28.49
14.335
30.75
59.485
25.54
43.17
11.855
62.0
21.24
30.07
18.75
50.38
13.46
9.42
13.36
105.175
6.985
6.595
8.025
67.52
8.935
8.85
4.665
163.145
18.8
38.51
17.525
109.37
23.715
14.045
18.96
59.09
17.535
25.665
11.66
40.025
20.755
9.4
31.72
44.075
39.065
7.555
34.975
80.995
32.635
16.125
13.525
47.1
48.295
29.82
5.985
76.375
51.5
78.15
0.805
51.325
22.135
6.43
9.88
28.48
11.64
7.355
6.015
12.575
11.195
3.92
12.77
40.43
34.465
14.72
23.115
62.09
41.71
27.51
12.64
22.945
60.96
30.74
3.945
10.495
35.86
33.165
0.14
10.275
8.855
1.51
2.47
6.905
10.16
4.265
1.4
16.6
24.3
20.645
2.115
70.04
44.975
56.44
4.575
78.76
29.385
46.245
2.44
17.395
10.95
9.16
0.365
0.675
3.02
1.635
0.01
