3.72
20.485
1.41
1.435
29.785
33.68
7.445
2.94
104.375
52.82
24.58
7.855
79.8
74.63
32.795
7.195
19.89
67.85
29.275
2.085
9.21
30.34
12.94
1.15
2.065
5.175
1.205
0.135
9.005
79.965
8.37
5.18
24.01
91.79
15.94
7.31
62.81
58.675
24.43
9.635
35.1
78.69
27.76
5.3
14.425
81.265
25.43
2.7
14.57
36.245
12.12
2.895
2.61
7.605
1.415
1.02
5.615
55.39
7.945
2.74
33.43
44.945
11.485
4.6
89.935
37.105
16.53
10.68
41.84
58.66
20.92
6.26
33.06
65.48
28.355
8.185
28.365
62.54
14.09
22.735
9.27
32.295
1.435
26.02
5.535
15.57
16.405
0.16
27.735
36.41
34.47
2.375
63.095
45.12
28.305
12.09
50.185
71.16
34.81
11.345
53.955
57.99
43.99
9.015
25.63
64.53
16.325
27.285
69.055
55.665
2.32
74.91
46.87
33.38
53.975
0.615
28.125
45.49
52.075
3.32
60.39
36.075
21.885
17.51
70.55
29.17
34.03
15.18
58.14
14.03
40.84
3.07
14.41
9.43
8.055
5.785
160.84
19.17
15.775
42.325
110.655
43.175
41.065
16.485
32.16
36.24
27.855
6.315
45.43
35.975
31.16
9.645
56.03
31.645
30.895
14.75
35.44
12.65
17.395
8.225
11.28
3.28
11.865
0.635
148.385
13.64
60.285
4.53
86.34
98.415
10.795
50.91
21.125
124.31
36.405
18.02
21.235
79.45
50.355
5.12
34.34
43.795
21.265
14.01
32.56
25.405
11.115
11.54
47.045
30.585
49.17
2.28
99.455
39.085
86.995
1.195
