195.465
63.18
7.39
8.105
42.55
9.31
2.245
2.165
10.735
8.655
2.585
1.085
20.845
50.365
11.215
2.705
17.08
95.825
13.23
2.965
23.58
94.36
8.085
5.255
34.63
59.625
3.755
5.66
171.965
17.16
7.165
4.18
37.125
1.76
2.39
1.025
10.045
11.755
4.345
1.465
12.965
47.76
12.04
3.355
6.82
66.9
10.935
3.445
7.66
55.29
4.83
3.96
14.335
33.905
2.845
3.225
182.99
14.195
6.84
3.385
36.51
1.45
2.08
0.74
5.575
8.95
3.02
1.215
5.11
22.7
5.675
1.305
2.09
25.655
3.17
1.485
2.49
20.735
1.175
1.94
4.075
12.485
0.78
1.15
186.925
11.57
4.33
4.005
35.315
1.145
1.27
1.04
3.945
2.73
1.37
0.565
5.99
7.745
1.535
2.84
4.105
9.25
0.755
3.87
0.665
6.805
0.34
1.48
1.575
8.485
1.29
0.38
184.715
11.185
2.155
6.355
37.385
1.98
1.26
1.945
6.915
2.865
1.02
1.69
19.57
20.22
0.935
13.755
15.125
35.94
1.395
19.46
2.91
36.03
1.965
8.535
8.765
47.02
6.37
4.025
170.655
13.08
1.625
10.14
41.715
2.605
1.535
4.155
8.23
2.45
0.46
2.18
22.11
21.54
0.35
16.29
21.055
51.915
1.355
26.415
9.905
63.245
2.62
15.66
25.335
80.685
8.265
8.645
190.655
65.475
5.725
19.345
64.585
18.71
4.44
6.105
8.69
2.23
0.655
1.185
10.87
11.965
0.205
6.77
18.985
43.645
0.515
14.625
16.64
80.435
0.975
14.98
52.77
134.065
7.485
12.98
