14.78
33.505
1.415
4.71
25.88
75.085
2.935
18.29
33.215
115.82
4.245
39.08
26.545
89.545
3.445
30.755
12.515
38.84
1.24
8.495
3.675
11.975
0.16
1.73
1.2
4.945
0.11
0.575
1.33
4.555
0.41
0.255
1.705
9.29
0.855
1.24
4.765
20.92
2.095
4.65
8.14
35.94
3.255
6.855
5.375
34.97
2.1
4.405
2.12
22.295
0.4
3.035
3.49
10.29
0.11
2.48
4.155
48.295
9.79
0.41
1.125
62.18
18.385
0.1
0.81
91.555
24.005
0.35
0.96
114.75
16.235
2.135
1.735
116.045
5.11
9.97
5.48
89.415
1.235
19.78
24.425
60.645
1.01
23.15
12.01
144.735
29.925
1.61
1.935
92.42
32.835
0.15
0.59
79.28
23.11
0.22
0.555
68.89
9.74
1.435
2.865
65.05
2.545
7.36
19.47
67.035
2.61
19.165
104.425
69.445
7.035
34.955
4.84
56.685
9.53
0.885
0.61
14.695
5.555
0.04
0.115
3.925
1.49
0.01
0.855
1.82
0.95
0.025
5.67
6.78
4.87
0.27
30.14
27.165
13.96
1.675
123.38
48.28
30.925
8.055
0.06
0.315
0.065
0.0
0.04
0.9
0.36
0.0
0.34
3.14
2.25
0.01
3.47
11.305
10.285
0.01
15.07
31.675
27.615
0.0
29.72
52.815
35.805
0.0
54.13
58.605
31.37
0.185
2.415
12.845
1.935
0.445
4.28
24.795
6.05
0.615
12.215
53.925
21.445
0.965
25.42
86.36
50.495
1.095
33.855
81.81
58.345
0.29
23.865
48.54
30.05
0.095
13.985
22.315
8.475
0.045
