26.955
85.815
6.91
2.48
8.94
78.02
6.04
0.34
14.95
98.055
8.1
0.385
21.92
121.92
10.67
1.19
27.51
129.835
10.825
3.36
33.78
114.485
9.81
4.405
120.295
130.13
15.5
8.475
29.235
109.2
12.025
4.81
6.78
79.6
12.915
0.095
9.605
75.285
13.54
0.16
16.32
67.3
15.175
1.045
31.45
50.46
21.995
4.225
27.57
33.7
22.515
2.695
45.785
42.73
23.505
0.98
13.125
74.155
9.585
3.545
1.665
40.035
9.405
0.015
6.505
27.11
9.625
0.06
30.61
25.385
25.72
0.355
42.83
31.615
40.66
0.795
22.875
29.6
26.9
0.505
12.13
17.75
10.555
0.025
1.36
12.065
2.29
0.565
1.545
4.69
2.285
0.01
22.74
5.705
10.34
0.165
62.58
14.095
33.325
0.25
44.95
18.855
30.05
0.115
9.67
10.37
8.75
0.07
1.42
2.8
1.35
0.0
0.495
1.215
0.445
0.065
5.305
1.605
1.33
0.32
45.22
4.415
8.575
2.99
88.955
9.0
18.115
5.97
40.415
7.035
9.475
2.385
3.265
1.64
1.16
0.115
0.26
0.81
0.13
0.0
0.37
0.205
0.055
0.01
5.455
1.12
0.37
0.915
37.335
5.19
1.87
9.505
74.51
16.98
3.265
26.985
34.9
24.37
1.41
20.83
3.715
15.57
0.32
5.725
2.08
9.75
0.645
1.205
0.07
0.025
0.0
0.005
1.97
0.76
0.03
0.66
14.35
7.225
0.085
8.04
37.395
39.835
0.27
36.7
30.02
105.135
0.765
52.59
15.65
143.45
2.145
33.325
45.605
171.075
7.19
19.59
