1.905
1.45
0.16
0.165
29.595
5.93
2.505
1.48
92.635
19.49
9.76
4.795
68.14
17.9
8.72
3.68
32.67
8.42
2.305
6.065
66.94
17.765
1.845
28.66
50.52
19.42
1.08
32.47
5.24
31.96
4.055
0.615
27.82
30.93
10.855
2.035
69.885
33.01
18.675
5.35
42.6
46.005
10.935
10.19
19.605
25.24
2.645
12.55
40.925
10.465
1.13
30.62
67.515
19.72
0.815
57.38
19.265
112.81
17.07
3.295
32.04
75.51
25.025
5.285
49.505
52.065
29.42
7.03
36.04
74.605
14.845
17.61
58.815
37.78
3.645
26.55
40.995
7.68
0.92
21.165
81.23
22.21
1.095
63.385
22.64
79.03
16.78
3.13
63.655
37.285
30.13
4.16
60.505
20.345
28.8
2.35
39.91
19.395
8.41
7.295
107.66
9.52
6.625
14.915
50.37
2.94
3.31
8.02
59.165
18.85
2.0
35.265
33.54
23.66
19.87
0.57
75.44
14.47
38.67
0.97
43.075
4.47
17.24
0.695
43.64
1.1
8.945
0.655
111.855
1.42
18.67
1.975
43.645
0.97
6.075
1.75
23.49
8.42
1.465
8.795
51.555
36.445
31.035
0.985
56.19
14.96
28.22
2.6
29.0
7.105
8.68
4.405
54.08
6.035
23.47
2.065
89.535
2.925
29.995
0.675
25.86
1.045
5.62
0.425
6.775
2.685
0.625
1.335
53.585
52.025
22.19
2.85
41.46
27.14
12.38
8.96
47.735
61.51
18.255
22.18
73.78
71.76
55.315
14.125
63.83
20.88
36.86
2.21
12.79
2.235
4.145
0.28
3.965
0.725
0.175
0.525
