22.145
71.225
9.255
4.765
22.355
125.86
18.03
7.855
58.68
130.475
18.965
19.05
88.965
54.51
13.46
16.465
48.45
11.56
4.315
6.645
42.47
14.515
1.025
7.99
20.205
8.415
1.025
3.015
5.41
20.17
5.195
0.925
7.93
18.725
4.85
1.345
74.355
12.49
10.985
5.28
96.03
5.82
16.52
4.07
38.85
5.975
5.145
3.62
77.825
12.79
4.975
10.35
46.86
17.975
4.15
6.475
1.74
10.335
5.54
0.085
7.535
24.145
10.6
0.58
65.285
29.34
24.735
4.27
64.77
50.07
21.34
8.67
26.09
70.3
11.44
7.15
73.67
39.165
14.26
11.305
57.9
65.855
10.755
14.86
20.405
36.46
35.195
0.66
16.15
65.26
39.905
2.395
49.63
50.7
36.49
7.44
32.74
68.955
24.73
8.015
25.4
85.17
10.695
10.805
67.37
45.97
14.515
13.235
55.785
88.625
12.135
19.875
87.095
46.455
57.68
6.32
40.07
39.785
42.825
3.84
82.295
19.64
36.28
3.625
35.075
13.745
12.755
1.535
45.28
15.16
9.49
3.11
97.15
15.895
19.28
5.075
49.31
42.475
8.03
14.085
122.92
46.705
27.015
25.43
47.34
29.95
37.48
5.23
65.16
8.185
33.27
0.565
23.185
0.975
7.225
0.065
61.31
2.07
20.42
0.29
89.615
5.615
25.295
1.105
30.165
11.635
4.68
4.93
81.4
85.865
10.135
43.36
35.645
71.62
36.55
9.435
35.04
15.695
25.395
0.39
29.585
8.365
13.15
0.5
93.73
19.54
41.045
1.265
73.525
12.345
26.545
1.095
13.29
3.58
2.33
0.38
