7.485
5.425
0.72
1.28
71.015
19.635
2.875
10.325
145.065
25.98
5.83
19.995
53.1
9.315
5.95
6.695
4.845
20.37
10.64
1.905
5.65
28.975
6.315
7.54
7.37
11.44
0.725
7.485
13.39
48.68
13.185
2.875
41.31
40.245
14.885
5.86
99.815
16.75
13.365
9.4
50.405
23.635
31.925
4.495
10.555
63.95
42.24
4.175
19.705
69.07
13.105
26.1
40.675
26.86
1.9
31.895
37.405
94.255
30.175
7.075
53.045
47.525
25.775
8.885
78.12
22.185
29.55
8.705
46.825
31.195
58.33
4.26
9.99
37.89
34.755
2.385
36.48
29.715
7.37
20.645
114.675
16.905
4.165
37.905
55.375
39.48
23.895
4.78
62.19
22.99
31.36
6.16
66.265
17.715
33.44
6.62
46.505
11.365
29.99
2.4
7.89
21.065
13.19
2.385
37.12
23.97
7.13
8.98
152.865
13.255
11.93
17.0
73.08
16.455
30.4
1.985
53.425
18.95
32.91
4.205
87.075
11.865
16.75
6.71
73.475
5.54
12.82
3.205
39.22
41.93
24.61
6.19
37.59
60.78
16.355
18.795
124.44
31.925
20.285
23.16
91.545
26.72
35.495
1.75
59.57
12.87
23.64
3.08
108.135
4.94
6.025
5.99
96.535
2.575
7.06
8.15
83.07
28.595
19.8
18.165
55.525
46.645
27.005
18.245
96.015
45.455
23.07
37.82
88.18
52.96
24.765
5.605
66.16
16.89
11.92
6.24
136.675
23.43
6.835
12.75
98.6
14.995
4.82
14.975
65.2
52.07
11.38
38.21
48.79
77.235
41.175
20.14
83.19
62.405
29.78
27.075
