0.0
0.0
0.0
0.0
0.305
0.33
0.085
0.0
5.93
4.69
3.59
0.0
34.845
25.65
22.15
0.445
66.025
62.26
39.47
1.875
55.35
66.805
24.595
1.62
38.23
43.0
9.36
0.85
0.27
1.095
0.395
0.0
3.99
9.71
5.79
0.0
16.175
31.18
28.015
0.0
27.58
46.065
50.825
0.0
20.745
37.56
34.175
0.0
8.185
17.35
10.545
0.0
3.21
6.54
2.555
0.095
10.685
38.48
13.75
0.195
17.365
53.245
34.18
0.09
21.76
58.265
51.15
0.045
13.7
34.495
31.59
0.005
3.93
11.215
8.335
0.0
0.45
2.2
0.99
0.0
0.24
0.255
0.055
0.0
45.87
115.555
24.13
11.895
31.895
65.23
27.57
12.845
15.825
43.18
17.98
9.545
2.655
10.95
3.75
2.675
0.31
0.835
0.18
0.195
0.0
0.0
0.0
0.0
0.0
0.0
0.0
0.0
26.87
91.13
4.7
18.74
14.0
74.695
2.445
29.71
8.855
82.36
1.765
40.32
3.655
55.505
0.465
32.245
1.63
24.255
0.11
14.485
0.525
6.235
0.005
3.085
0.215
0.785
0.0
0.11
1.87
13.47
0.095
2.635
1.715
24.41
0.165
8.74
3.92
46.9
0.39
23.53
6.985
67.305
0.625
42.905
8.6
68.245
0.425
44.21
7.93
49.33
0.185
26.995
6.58
28.44
0.01
11.5
0.14
0.56
0.0
0.02
0.105
0.995
0.0
0.2
1.18
4.6
0.0
1.85
5.045
19.04
0.06
9.755
17.58
51.355
0.225
27.1
27.89
96.425
0.165
45.34
85.94
198.76
3.295
62.935
