41.765
125.7
10.06
4.955
28.425
97.695
16.5
4.01
75.735
66.945
25.01
6.85
65.23
20.12
14.09
3.63
44.765
9.875
3.085
4.205
65.79
24.845
3.91
13.095
28.47
16.355
1.235
10.55
27.015
94.49
15.455
5.25
41.32
52.705
23.08
4.195
75.79
18.16
28.765
4.445
32.375
1.59
12.025
0.78
43.975
3.19
4.805
3.11
75.515
17.96
7.555
18.02
40.915
32.07
2.74
30.545
20.1
40.96
11.32
1.71
66.605
18.475
23.755
1.165
81.33
5.705
27.205
1.04
19.255
0.6
6.835
0.1
57.06
2.505
12.52
1.345
89.195
15.96
18.44
16.935
52.71
47.33
4.8
48.97
29.4
11.81
6.395
0.395
89.98
7.67
20.63
0.33
69.745
2.62
16.27
0.235
15.32
0.94
6.35
0.0
72.855
3.125
27.495
0.485
81.26
8.845
24.265
8.4
44.745
36.895
3.895
38.845
45.42
7.075
5.34
0.785
103.43
4.875
12.13
2.305
59.545
1.45
8.46
1.385
24.7
1.94
18.33
0.03
78.51
3.405
44.105
0.21
48.16
2.63
19.96
2.25
22.22
18.07
2.09
14.24
48.675
5.585
1.925
3.135
97.52
6.57
4.315
12.405
59.025
6.84
11.65
9.755
39.715
6.515
42.87
0.82
59.32
3.425
48.765
0.04
17.59
0.81
9.8
0.58
7.1
4.77
0.97
1.95
35.975
15.26
0.38
7.995
73.715
48.075
4.62
34.32
60.73
103.515
30.13
38.225
50.095
70.005
68.65
5.59
35.135
9.0
35.88
0.005
3.7
0.505
2.46
0.205
1.55
1.845
0.18
0.685
