51.755
20.53
3.635
5.01
5.585
3.43
0.915
0.67
5.225
15.585
3.325
0.685
51.59
39.36
10.05
6.82
114.92
55.09
13.975
16.955
54.205
63.375
8.05
10.46
20.2
66.11
5.205
4.455
126.025
23.875
9.405
8.705
15.645
13.715
5.15
1.9
8.46
64.405
16.535
2.22
20.105
90.075
20.46
5.77
57.465
53.91
14.96
14.015
39.64
66.76
10.895
7.695
20.825
85.83
8.92
4.205
189.105
15.11
9.84
7.885
19.355
12.715
5.0
2.0
5.62
44.535
11.885
1.77
16.73
47.22
9.1
4.46
83.59
25.855
5.83
14.095
66.985
24.52
5.14
7.085
15.115
26.73
2.905
1.21
201.575
9.18
7.385
6.34
17.545
2.595
2.465
1.105
3.78
18.94
7.46
0.72
14.26
38.43
7.915
3.545
81.38
25.98
6.675
11.015
75.035
14.16
2.675
11.13
17.19
11.355
0.33
4.545
200.13
8.55
4.705
8.965
33.985
2.85
5.73
2.415
37.91
37.695
25.0
3.745
20.825
85.475
19.255
10.255
49.635
54.71
10.465
16.58
52.745
35.305
5.52
19.58
25.585
53.12
1.905
26.18
184.065
12.25
3.89
14.545
50.01
2.095
4.26
7.235
80.375
20.595
14.99
21.36
40.22
48.435
14.15
18.215
60.25
37.295
14.345
12.05
49.485
38.685
9.64
15.33
40.175
76.86
3.34
37.085
173.105
45.45
6.39
22.405
46.55
7.785
2.82
10.135
56.89
34.145
2.485
46.79
41.07
114.69
15.585
46.665
58.56
97.045
39.075
7.83
51.14
41.895
18.785
5.97
42.97
54.32
3.715
19.645
