1.195
1.13
0.12
0.145
17.625
7.575
0.43
2.44
86.705
29.19
4.205
12.58
114.04
48.03
9.88
16.29
34.775
51.375
7.165
6.385
3.415
49.08
5.385
2.21
8.53
52.925
5.665
3.07
0.3
1.215
0.12
0.015
6.31
2.72
0.2
0.97
51.765
11.33
2.15
8.265
77.18
40.54
8.42
14.86
26.145
97.9
12.365
7.47
2.665
111.505
11.415
4.145
14.055
112.865
11.405
6.125
0.09
1.665
0.295
0.02
2.525
3.385
0.18
0.44
37.065
8.83
0.86
5.855
90.365
22.8
5.065
16.02
46.76
41.695
6.195
8.84
4.365
42.185
3.655
1.905
3.7
42.585
3.575
1.99
7.21
40.965
10.485
0.49
1.07
58.255
7.055
1.92
21.84
59.78
4.94
6.56
75.1
35.095
5.485
15.94
57.815
23.805
2.05
15.86
10.015
15.765
0.305
5.765
0.995
7.525
0.05
1.85
66.83
88.635
30.475
5.01
10.05
102.945
18.005
4.09
13.19
102.89
7.27
11.19
45.34
54.985
7.29
17.425
41.75
48.49
4.995
21.565
13.525
57.655
1.175
25.345
10.865
46.395
0.55
20.01
121.36
60.535
14.085
24.67
25.375
39.81
7.395
12.58
20.67
36.445
5.37
6.905
64.095
26.57
11.85
8.005
52.245
33.535
8.885
11.615
18.675
52.51
1.99
25.915
36.47
72.29
1.75
36.0
80.955
77.565
1.345
47.645
30.1
139.935
3.12
45.795
24.6
165.59
21.48
17.21
62.695
100.295
38.89
3.87
54.79
38.83
19.46
3.39
19.61
24.935
2.84
10.165
41.41
54.11
1.995
20.395
