3.56
3.32
0.21
0.58
46.92
15.98
2.275
8.495
132.69
28.275
4.785
20.64
75.895
10.425
4.04
9.23
16.995
9.86
17.09
1.815
35.435
22.65
21.245
5.67
27.125
15.47
6.415
3.43
7.05
31.93
7.935
1.985
30.345
32.58
11.27
3.935
94.835
17.745
9.815
8.145
69.42
7.965
19.15
4.995
39.41
21.555
47.71
3.635
74.31
22.655
32.93
8.805
45.1
8.755
9.345
2.94
31.81
85.655
27.91
6.925
40.795
51.695
24.025
6.945
81.715
22.54
19.455
8.61
68.605
18.265
46.48
5.88
58.27
20.54
54.395
3.295
113.63
9.775
22.26
5.725
50.895
2.795
6.555
1.595
54.03
56.845
25.225
6.51
62.795
27.42
27.45
5.985
67.715
21.185
29.92
7.11
57.645
15.58
44.24
3.995
52.18
6.11
21.575
2.485
123.635
1.805
8.835
6.635
48.36
1.665
3.49
2.635
62.41
19.42
23.855
3.325
54.33
26.135
33.47
4.885
64.915
23.48
29.02
6.465
59.56
4.9
14.545
3.205
39.335
0.7
3.305
3.89
112.265
2.52
3.29
18.625
50.165
7.48
4.61
12.395
69.905
29.81
35.58
3.485
45.095
23.295
32.365
3.525
88.895
13.48
14.0
6.585
71.0
1.65
3.02
3.73
23.08
0.43
0.29
4.14
71.815
7.24
1.71
32.705
55.0
37.465
8.175
38.53
70.075
53.47
27.97
6.065
53.24
24.24
17.81
5.69
119.7
28.42
9.265
12.485
91.36
16.19
4.375
6.225
14.4
1.325
0.3
2.355
29.64
14.09
0.74
28.0
66.46
113.66
14.545
68.185
