24.18
14.29
1.84
2.25
3.215
1.485
0.135
0.495
10.295
3.155
0.68
1.41
105.045
23.77
2.995
21.62
113.375
35.615
2.265
25.225
23.81
26.405
1.54
4.995
14.83
39.925
3.69
1.745
88.12
29.035
5.09
7.335
11.145
7.025
2.305
1.365
4.465
25.795
8.14
0.72
46.155
38.28
13.39
7.085
69.135
37.495
8.645
14.675
22.44
67.275
7.37
6.255
26.815
119.325
11.18
4.73
167.535
23.255
7.985
8.155
23.75
18.68
6.4
2.38
9.305
75.785
20.68
2.25
24.925
84.78
20.91
6.965
57.295
45.535
11.18
13.05
35.81
67.97
9.45
5.37
28.64
112.945
10.655
3.33
193.89
13.4
7.25
7.3
22.34
12.73
4.535
2.085
4.205
31.59
8.14
1.225
27.88
27.46
5.245
3.995
89.795
16.11
4.165
9.73
62.425
16.935
3.395
4.085
22.125
19.265
1.67
0.87
179.89
19.035
5.275
14.58
20.52
2.645
1.42
2.955
1.04
0.545
0.26
0.095
30.19
0.765
2.4
0.535
96.97
5.4
6.98
2.85
66.585
9.41
3.97
2.495
22.035
4.3
0.925
0.42
120.845
30.23
4.495
21.06
18.92
5.7
1.795
4.295
1.665
0.515
0.745
0.155
36.34
1.81
9.85
0.11
89.245
9.87
18.65
0.615
53.025
11.55
6.995
0.68
16.5
5.125
1.32
0.155
39.94
22.13
2.345
10.495
10.235
5.65
1.23
2.465
10.815
7.875
8.4
0.65
69.95
30.605
46.8
1.345
88.905
37.685
45.075
1.065
33.165
18.055
9.81
0.3
8.435
5.225
1.38
0.05
