4.84
5.905
3.08
0.065
15.73
26.175
15.915
0.15
35.52
73.08
32.75
1.5
54.705
117.655
30.1
6.22
55.855
131.235
12.395
25.265
45.405
73.21
0.915
43.91
23.235
23.665
0.1
19.42
24.795
20.255
19.375
0.025
26.86
38.935
44.995
0.18
34.81
43.315
39.23
2.775
79.365
26.99
20.79
6.405
48.92
24.03
10.07
11.36
34.1
26.87
0.945
43.665
71.56
36.65
0.23
45.44
81.665
36.925
38.35
0.41
35.51
28.11
38.665
0.315
44.71
14.465
20.13
1.765
101.84
6.795
23.315
2.23
41.04
2.58
9.16
1.77
24.94
6.54
0.47
14.91
142.0
28.235
0.79
40.775
144.405
38.535
28.8
5.41
32.515
12.84
13.4
1.395
57.525
8.75
22.27
0.625
90.16
5.49
29.17
0.62
21.245
0.835
5.785
0.185
17.0
2.27
0.965
2.215
184.375
12.715
7.34
15.49
143.425
44.61
9.57
23.835
29.43
31.585
14.43
7.705
58.68
20.62
38.58
0.39
57.39
5.37
24.25
0.12
7.875
0.31
2.45
0.005
20.86
3.835
6.3
0.295
169.865
18.945
25.87
2.96
81.3
51.925
2.72
29.705
24.01
58.06
18.095
12.205
37.59
28.16
32.105
0.665
26.385
3.835
12.31
0.04
5.445
1.035
4.56
0.0
34.54
7.605
23.345
0.08
119.435
30.42
39.41
0.555
34.21
41.265
1.315
16.4
17.92
56.205
10.425
9.42
21.825
28.54
15.17
1.025
13.505
7.095
6.205
0.145
29.28
18.59
21.63
0.86
70.875
36.775
52.805
1.355
87.97
42.49
37.42
0.75
