3.91
27.535
1.925
0.63
24.76
25.28
6.76
1.64
109.225
38.7
21.35
8.235
90.32
51.62
24.02
8.55
26.05
39.27
13.575
3.115
8.145
14.955
3.88
1.37
1.51
4.135
0.83
0.545
12.955
112.27
7.35
3.935
20.555
77.645
14.06
3.78
54.885
48.6
27.84
6.125
35.62
65.415
26.975
4.6
11.525
57.695
17.97
2.14
6.42
26.465
7.99
1.745
3.95
14.73
2.845
1.425
15.205
98.425
7.63
4.11
42.31
62.625
15.42
4.095
74.175
31.52
25.32
4.275
26.46
33.2
18.04
1.35
6.19
51.935
15.87
1.385
3.475
62.17
14.37
2.455
10.015
52.465
7.21
4.82
14.87
19.195
3.46
0.755
67.325
16.21
16.17
1.165
87.46
7.19
20.425
1.125
25.995
17.92
10.105
1.16
8.95
67.555
17.825
3.48
3.775
90.155
14.93
5.54
11.555
68.725
7.265
7.195
31.01
11.995
6.365
0.15
77.69
12.785
18.96
0.495
70.61
5.155
15.15
0.675
14.925
11.885
5.02
1.75
7.23
31.59
6.66
5.26
3.15
35.235
4.475
5.41
3.975
32.375
3.23
3.51
55.885
22.765
10.84
0.29
76.31
11.44
14.91
1.07
53.155
3.845
7.715
1.795
14.85
8.915
2.07
5.695
17.245
34.9
2.205
21.98
7.73
50.825
2.605
20.44
10.24
67.655
7.295
10.01
95.94
72.195
11.815
3.96
88.04
34.13
10.755
3.425
54.62
13.165
5.31
3.775
16.83
8.77
1.28
6.62
17.145
42.495
0.72
27.46
11.96
101.005
2.755
34.89
43.18
177.49
15.12
25.65
