157.355
126.55
2.695
12.47
72.805
47.7
1.435
8.98
34.535
15.13
1.005
4.21
13.745
3.23
0.525
1.74
0.98
0.205
0.015
0.12
0.0
0.0
0.0
0.0
0.0
0.0
0.0
0.0
111.205
19.565
2.725
2.535
61.195
8.375
1.675
1.995
33.46
3.33
0.79
1.05
13.5
0.465
0.29
0.575
1.33
0.035
0.025
0.02
0.0
0.0
0.0
0.0
0.12
0.07
0.02
0.0
112.305
16.855
2.585
2.125
60.81
7.4
1.78
1.76
33.26
2.99
0.78
0.8
13.795
0.56
0.465
0.27
1.33
0.035
0.025
0.0
0.035
0.045
0.04
0.0
0.46
0.62
0.38
0.0
107.255
22.37
2.31
4.085
60.13
9.055
1.34
3.205
33.6
3.875
0.67
1.635
13.96
0.83
0.355
0.605
1.085
0.095
0.1
0.04
0.565
0.545
0.57
0.0
5.9
7.605
3.38
0.215
92.785
26.07
1.245
6.4
58.41
13.875
0.56
7.465
36.72
7.94
0.365
4.815
15.765
2.345
0.335
1.855
2.61
1.76
1.005
0.255
3.41
7.315
4.865
0.0
21.435
30.64
16.67
0.615
63.28
27.535
0.195
8.33
49.56
23.535
0.08
13.675
38.04
23.735
0.215
13.42
21.175
21.78
1.68
6.925
8.885
24.4
7.095
1.87
10.09
32.15
15.6
0.33
34.125
58.535
27.045
0.455
33.02
27.815
0.01
8.025
39.03
59.09
0.04
20.92
34.8
112.55
1.015
27.065
26.555
155.2
7.68
19.815
21.41
152.495
19.675
7.28
22.485
120.725
24.465
2.365
42.46
113.785
27.115
2.25
