18.05
117.165
8.85
5.925
7.625
160.75
15.955
4.62
17.195
185.215
29.6
5.65
41.85
156.3
41.75
9.8
47.785
93.8
34.175
7.34
25.095
38.61
12.71
3.005
9.96
13.41
2.625
0.665
3.425
29.975
3.595
1.085
8.905
32.47
12.515
0.57
31.455
44.365
39.865
1.345
34.46
48.485
47.78
2.125
13.86
36.44
22.15
2.09
3.275
17.97
5.215
2.01
0.63
5.43
0.76
1.23
6.36
15.825
8.83
0.185
23.415
33.42
30.39
1.105
31.395
65.94
45.71
4.985
15.03
104.215
32.12
4.825
3.565
115.74
10.505
8.96
3.14
90.51
2.395
21.645
13.835
52.83
0.93
26.205
19.945
61.275
32.59
1.04
17.325
51.665
42.005
1.345
8.635
64.78
31.04
3.065
2.135
76.165
15.87
2.9
1.305
75.3
5.325
6.56
8.57
72.75
2.45
21.93
94.13
74.825
5.26
49.595
27.765
73.665
32.885
1.715
10.15
37.665
26.33
0.325
5.555
50.345
18.655
1.075
2.455
72.855
11.715
4.865
2.495
68.71
4.42
11.375
11.595
48.615
5.73
10.64
149.1
44.88
24.2
17.87
23.865
28.86
9.01
2.295
31.1
19.195
11.925
2.66
37.97
45.4
22.625
3.715
19.775
79.14
19.325
7.6
14.475
87.455
10.08
19.95
24.835
67.335
16.91
17.93
98.87
55.495
38.085
6.05
13.97
11.645
0.845
4.37
39.38
29.62
2.445
18.095
59.165
90.37
6.335
37.57
33.755
166.285
17.45
30.05
20.64
168.055
42.635
11.1
29.52
98.765
53.925
5.66
48.175
57.21
36.045
2.33
