0.895
1.06
0.09
0.135
17.395
19.68
1.5
8.935
45.745
77.66
6.32
46.185
51.4
71.99
12.11
53.83
25.32
16.165
5.96
15.385
2.16
0.615
0.245
0.44
1.12
0.14
0.05
0.28
0.755
0.3
0.095
0.03
1.395
1.59
0.6
0.545
15.81
14.86
11.795
5.775
36.95
26.6
27.66
12.07
19.275
8.81
10.61
6.365
1.42
0.605
0.225
0.33
1.23
0.405
0.015
0.46
3.13
2.34
0.635
0.345
4.295
2.44
1.045
1.34
27.54
20.405
9.21
16.425
31.165
23.255
13.385
19.885
8.37
5.035
3.79
4.185
5.655
6.25
0.41
4.685
8.245
9.205
0.41
9.47
33.27
22.145
7.585
4.64
12.56
6.28
3.275
2.465
25.195
14.375
2.31
22.28
60.79
18.405
3.535
48.63
27.74
3.925
0.81
15.515
17.81
14.03
1.015
18.255
46.51
27.135
1.365
51.54
108.235
32.925
20.04
13.43
23.32
8.2
7.02
3.88
14.09
4.48
1.175
8.115
85.975
6.22
3.45
30.565
70.29
3.14
2.79
20.01
16.795
5.835
0.615
14.355
96.095
28.25
3.275
70.08
126.175
30.805
21.93
16.62
26.845
9.98
6.71
7.375
18.71
14.74
3.76
8.22
88.24
12.2
14.21
9.41
85.2
2.495
9.705
7.17
11.37
0.74
0.725
2.985
76.625
22.2
4.39
30.525
99.045
52.17
16.54
13.425
34.78
22.505
5.01
13.095
49.345
73.335
11.765
29.735
80.21
82.175
39.0
14.405
69.53
18.44
22.92
1.45
8.09
0.615
1.335
0.4
31.205
11.205
2.84
5.21
