6.385
2.225
0.08
0.56
49.545
11.975
1.48
4.61
54.225
12.32
2.745
5.23
31.68
5.885
1.85
2.395
136.745
21.335
4.655
13.575
94.145
27.67
7.33
11.275
29.385
36.73
9.82
2.085
9.86
6.58
0.965
0.665
70.77
10.625
3.95
6.885
74.445
16.54
6.53
7.805
21.845
28.58
10.28
2.165
76.115
27.135
17.11
6.71
57.365
46.405
20.14
8.07
30.39
73.245
19.745
4.06
15.125
76.395
10.575
3.025
53.375
43.58
17.155
7.07
54.17
57.175
21.82
9.925
17.67
92.765
28.41
3.475
56.905
54.33
24.08
8.475
49.975
43.045
21.405
4.845
17.46
58.335
13.08
1.945
21.725
138.175
21.755
6.425
48.675
62.405
20.32
9.92
64.695
40.235
21.815
7.385
24.36
45.29
14.38
2.64
89.285
25.335
12.0
7.18
66.28
11.835
8.16
3.225
4.845
8.63
1.525
0.04
12.35
47.275
10.125
3.16
75.855
16.07
6.81
10.245
99.71
4.52
4.015
12.625
24.63
3.66
2.05
3.09
47.7
14.765
6.555
4.19
33.4
8.835
3.79
2.085
2.495
2.045
0.885
0.205
4.495
3.435
0.965
0.605
55.61
2.65
1.04
13.74
89.425
8.54
1.55
32.365
19.79
13.525
0.79
14.985
6.065
15.17
1.935
3.28
4.275
15.19
3.255
1.21
8.185
25.875
7.905
1.725
1.16
0.375
0.0
0.275
23.69
4.995
0.215
12.21
51.375
49.725
0.705
55.595
19.68
146.17
1.515
48.675
4.18
192.7
7.69
16.56
6.935
187.525
16.84
6.27
54.3
202.045
34.435
7.29
