8.62
17.655
1.26
1.615
38.475
40.97
4.05
10.425
81.73
64.555
7.37
27.935
53.915
69.11
9.31
22.115
19.14
82.905
14.8
5.155
17.935
71.17
11.4
2.095
14.895
35.585
3.505
1.375
15.46
67.22
8.405
1.735
13.13
81.415
16.2
2.815
24.535
77.045
17.035
9.755
34.64
55.105
11.14
17.005
31.63
64.745
14.285
10.66
17.13
61.405
11.265
3.21
15.995
48.515
6.645
2.025
15.885
77.205
8.915
1.965
5.175
68.555
13.325
1.035
11.925
61.03
11.76
5.865
42.6
44.77
9.095
19.545
43.09
44.55
9.255
18.765
20.14
63.795
14.28
6.765
28.12
92.555
19.775
3.49
6.525
43.57
5.325
1.39
3.86
72.22
13.095
1.105
5.175
96.245
22.32
1.45
19.59
89.055
22.195
7.68
28.115
67.515
12.85
19.99
28.795
67.375
12.815
19.325
29.75
85.16
16.1
10.61
6.4
53.285
5.755
2.21
3.405
70.705
12.7
1.78
1.26
73.66
16.3
0.65
2.99
54.245
11.07
3.095
14.835
42.355
5.95
18.66
26.105
53.17
4.485
31.96
30.31
83.03
5.155
29.985
13.98
81.985
2.835
20.34
5.315
38.52
1.98
16.585
1.715
20.925
1.32
7.88
0.945
10.835
1.205
2.765
4.105
14.65
2.255
4.45
7.83
30.725
2.49
10.495
14.75
61.85
3.82
14.75
16.045
80.24
1.55
32.725
10.11
104.015
1.475
51.25
5.685
152.16
1.51
48.415
5.475
172.69
2.785
30.84
8.475
150.14
4.875
14.25
9.245
103.755
5.52
6.44
14.84
75.345
8.35
3.475
