26.35
48.445
5.145
0.81
25.175
61.65
8.71
0.295
35.58
97.43
11.89
0.53
34.025
126.38
9.445
2.33
32.495
131.02
3.95
7.675
40.82
103.9
0.685
13.905
60.495
69.845
0.1
15.43
43.19
81.16
16.585
2.545
20.08
61.6
16.845
0.205
17.955
59.675
13.235
0.205
11.485
59.275
6.695
0.835
9.625
59.26
2.015
5.06
23.69
53.12
0.51
16.17
99.65
51.415
0.775
28.47
39.51
80.565
19.685
4.41
10.68
39.175
14.46
0.115
7.48
24.45
7.52
0.02
3.555
13.67
2.275
0.02
2.535
10.84
0.615
1.02
23.31
19.395
2.08
6.925
155.23
27.55
7.355
19.155
15.37
34.04
7.42
2.7
2.545
10.0
4.815
0.06
1.095
3.185
1.56
0.0
0.38
0.865
0.475
0.0
2.155
1.78
3.035
0.0
26.975
12.66
11.915
0.35
145.235
28.105
25.87
2.36
2.75
5.48
0.84
0.44
0.47
1.5
0.725
0.035
0.16
0.835
0.395
0.0
1.42
2.0
2.92
0.0
9.595
8.19
17.055
0.0
32.74
25.37
32.68
0.0
82.515
45.14
33.415
0.02
0.475
0.865
0.09
0.01
0.255
1.05
0.395
0.0
1.575
2.86
2.465
0.01
9.295
9.22
14.8
0.055
24.735
20.38
39.775
0.02
29.945
28.98
38.775
0.0
31.64
30.9
18.85
0.0
1.255
1.74
0.315
0.12
4.81
4.26
1.615
0.505
24.885
25.255
10.515
1.715
53.23
61.265
38.495
2.08
52.465
56.955
49.03
0.64
27.545
26.91
23.395
0.05
8.215
8.905
4.63
0.0
