17.275
11.355
0.195
4.795
23.925
9.455
0.54
7.62
30.29
6.445
1.2
8.285
90.56
19.76
7.705
25.645
82.355
23.72
13.62
20.005
21.81
26.89
9.64
3.6
24.22
32.625
5.24
7.705
30.925
15.16
0.395
11.72
49.945
12.85
1.335
20.0
31.88
9.255
4.85
9.435
44.77
20.64
16.465
10.645
47.405
47.075
26.26
10.78
12.425
74.085
17.815
5.395
48.915
72.195
9.235
26.765
28.905
16.42
3.49
12.275
62.335
20.96
6.1
25.935
40.385
40.4
23.01
14.065
23.83
62.725
43.745
4.16
23.64
69.975
34.015
4.75
10.01
75.985
18.3
5.715
110.225
69.53
27.915
35.11
19.515
69.69
27.48
5.655
40.105
52.11
25.125
16.15
46.86
45.94
29.545
18.095
24.435
41.94
29.32
6.275
15.865
30.515
14.12
2.9
11.09
34.48
23.96
1.99
99.085
41.005
68.09
8.42
16.285
107.57
43.425
3.7
19.435
48.08
24.445
13.43
61.18
20.525
7.355
43.83
38.585
10.175
4.125
24.625
10.335
28.985
9.3
4.33
8.755
57.86
31.315
1.91
22.73
45.225
52.09
0.325
7.595
31.76
14.635
1.71
7.275
7.175
5.15
5.32
45.355
6.14
1.49
37.875
56.35
9.03
2.235
52.735
13.635
16.03
3.87
15.625
2.27
20.475
7.095
2.1
0.775
10.405
5.77
0.19
3.64
3.375
2.575
0.21
1.68
0.125
0.43
0.695
26.05
2.88
0.55
17.13
77.945
19.4
2.565
65.09
57.28
27.725
2.895
54.56
11.0
11.97
0.94
11.41
1.795
4.265
0.24
2.08
