57.865
18.65
1.59
11.875
76.845
15.735
2.905
12.465
39.93
9.825
4.97
4.025
98.03
19.635
18.75
6.375
93.14
40.905
18.445
10.79
13.915
29.5
3.3
9.365
3.335
6.73
0.195
5.41
49.095
8.895
1.75
12.73
81.275
17.345
7.92
17.42
40.165
39.25
24.495
6.99
54.5
45.98
42.025
6.215
37.825
78.315
24.99
14.7
14.835
68.635
4.765
38.475
24.565
22.74
1.2
35.935
38.705
10.6
16.905
6.89
67.76
28.125
28.61
14.285
53.77
47.275
39.865
10.4
71.465
32.11
42.98
5.145
26.145
29.915
17.25
5.87
27.33
30.365
2.835
30.56
99.04
18.13
2.6
53.52
63.58
24.28
52.225
2.085
61.64
27.295
33.97
13.825
80.51
21.485
27.98
15.905
76.47
8.63
34.5
3.16
18.375
15.63
12.42
1.805
27.285
24.625
6.795
10.025
161.69
11.02
9.635
24.775
136.22
25.44
47.89
4.46
61.785
16.11
21.62
12.255
82.535
15.105
25.365
14.345
68.455
8.11
24.015
7.52
42.96
34.225
28.165
5.12
32.145
63.1
18.92
17.805
135.14
31.975
22.265
25.18
165.07
30.945
20.79
20.825
56.94
19.845
31.37
6.465
68.98
18.315
28.685
9.51
72.42
11.515
11.72
14.555
89.985
21.57
20.59
15.495
58.18
41.205
28.1
16.845
106.255
43.655
24.07
35.68
127.38
102.855
15.015
50.52
53.965
80.975
47.695
9.315
51.3
29.385
25.58
6.335
59.79
16.45
3.13
17.27
81.105
52.585
10.59
34.58
60.095
79.72
39.715
17.7
107.975
63.775
29.255
26.805
