0.37
0.045
0.025
0.0
7.125
1.175
1.665
0.015
54.815
8.125
20.85
1.43
105.425
16.88
46.6
5.335
45.17
10.45
24.185
3.355
5.415
2.68
3.885
0.43
0.645
0.48
0.285
0.02
1.175
0.305
0.17
0.0
15.92
2.97
6.705
0.045
61.435
6.965
38.11
0.26
51.995
5.465
41.86
0.31
7.85
1.375
9.23
0.075
0.285
0.17
0.565
0.02
2.115
0.605
0.55
0.04
5.305
1.78
1.265
0.0
38.88
8.525
18.885
0.42
71.085
17.87
47.67
2.555
27.83
20.995
22.76
6.245
4.265
7.195
1.695
4.725
1.07
0.23
0.18
0.4
7.185
2.26
2.545
0.34
19.99
7.83
7.905
0.035
54.25
17.8
33.865
1.755
43.21
42.23
42.575
9.325
29.905
52.67
18.625
25.36
30.005
12.1
1.37
19.485
7.055
1.075
1.5
1.76
28.265
13.625
15.5
1.25
52.975
24.58
23.695
0.1
42.41
20.965
37.88
1.635
23.425
33.19
35.19
6.585
50.925
24.215
9.45
29.02
67.815
8.525
2.6
30.45
19.19
9.605
11.665
6.22
55.525
32.895
53.755
1.885
94.915
36.675
31.835
0.535
44.835
14.065
27.93
0.12
13.625
6.93
10.115
1.7
40.675
3.585
1.265
18.185
69.36
16.12
3.57
34.77
32.83
31.495
25.92
12.395
57.0
37.02
64.85
1.37
171.82
119.45
31.385
7.145
50.34
16.385
14.55
0.005
3.99
0.925
1.025
0.31
21.765
4.27
0.17
9.765
55.64
44.725
4.78
30.255
43.92
79.26
27.205
15.395
48.02
45.5
37.315
0.955
