4.425
32.145
1.97
0.78
28.175
28.575
5.955
2.065
89.775
42.21
14.42
7.745
85.355
60.01
17.325
8.28
34.845
58.995
12.885
3.675
13.425
43.81
6.155
1.86
9.71
25.085
2.53
1.455
15.57
136.99
10.06
4.57
18.91
88.285
14.45
4.075
41.355
54.06
22.565
5.48
30.175
66.505
22.595
4.935
10.165
83.85
16.01
2.315
6.78
62.535
8.635
1.15
9.275
36.105
3.995
1.295
17.6
108.85
9.845
3.885
41.71
66.795
14.635
4.03
64.2
38.795
22.52
4.635
26.815
38.5
16.41
1.255
2.645
45.03
6.715
0.84
0.79
35.585
2.4
1.975
1.625
20.645
1.325
2.405
17.315
18.345
4.135
0.935
54.32
24.975
13.175
3.32
61.385
53.05
22.1
6.755
18.265
89.085
21.4
3.3
1.315
108.595
11.745
3.935
2.07
99.225
3.17
15.515
21.575
66.8
1.225
31.11
14.725
18.895
4.225
1.665
27.0
36.545
11.14
4.515
18.785
66.185
19.57
5.64
4.235
79.175
19.09
2.58
0.825
78.07
8.955
3.62
7.82
75.44
5.97
15.28
100.11
76.405
14.315
43.44
5.03
11.595
1.235
1.24
4.99
17.315
3.755
1.64
3.075
17.56
5.295
1.14
0.795
13.685
5.525
0.265
1.4
19.095
11.865
0.27
11.08
34.455
30.21
1.975
98.71
57.36
52.565
8.815
5.305
17.095
1.39
2.45
7.99
38.01
4.15
5.69
8.99
78.615
9.855
6.53
8.5
115.745
27.475
4.28
9.15
121.75
55.99
1.33
12.83
89.905
67.83
0.125
28.62
57.67
50.125
0.115
