91.32
82.275
4.975
6.85
35.015
21.215
1.915
2.955
7.805
3.48
0.325
0.52
14.055
9.38
0.445
2.74
53.89
46.25
1.27
12.6
67.19
82.305
1.09
18.755
92.35
77.585
0.39
19.915
131.825
44.15
5.545
6.61
50.185
10.57
2.31
2.945
8.065
2.35
0.51
0.515
2.38
1.685
0.06
1.195
20.57
9.195
0.05
4.405
52.375
22.78
0.275
8.47
117.125
32.415
0.63
16.69
131.96
38.225
4.235
7.14
50.96
14.64
2.345
4.095
8.48
3.275
0.835
0.77
0.91
0.59
0.05
0.43
12.4
3.495
0.1
1.295
52.345
12.095
0.645
3.365
144.995
15.785
3.385
10.445
76.665
54.855
2.84
9.06
30.625
22.575
2.575
4.385
4.955
3.81
0.7
0.715
0.75
0.415
0.22
0.095
11.09
3.855
1.3
0.235
51.58
14.78
3.82
1.28
144.55
16.955
11.39
4.545
18.375
28.965
1.175
4.085
7.64
12.305
1.42
1.895
1.685
2.69
0.96
0.295
1.995
2.99
2.57
0.005
18.62
14.24
7.885
0.025
47.97
29.97
12.33
0.32
111.385
34.565
19.865
1.285
1.17
5.135
0.285
0.29
0.8
4.62
1.125
0.205
1.81
6.78
4.305
0.015
8.085
16.425
12.77
0.0
29.595
35.305
23.43
0.0
34.835
43.61
20.305
0.02
60.615
47.17
16.945
0.08
5.685
18.66
2.045
0.52
7.965
33.2
6.985
0.72
16.91
66.95
22.02
0.95
29.78
92.79
45.195
0.645
37.45
80.45
44.185
0.225
23.29
52.025
20.455
0.13
20.845
28.385
7.6
0.0
