2.055
24.215
2.305
0.575
15.08
31.385
4.265
1.66
99.69
44.92
10.78
15.23
105.11
45.435
14.54
19.045
26.795
31.85
11.705
4.81
8.985
12.295
3.055
3.065
4.875
5.16
0.495
4.31
13.1
131.115
14.23
3.615
5.15
111.485
15.615
1.56
43.54
78.66
19.07
8.94
62.38
52.045
23.135
11.12
21.19
43.175
15.035
3.46
13.585
19.745
4.375
8.075
16.27
21.585
1.065
20.39
12.86
110.3
18.23
3.32
5.8
95.885
19.06
2.535
56.93
68.915
17.66
8.875
85.53
22.725
12.345
7.77
20.235
11.165
4.175
2.055
12.74
15.465
1.925
13.03
29.755
46.775
1.715
41.915
40.24
44.99
28.0
2.17
26.665
73.01
31.09
4.005
60.725
60.2
17.06
12.855
86.505
10.9
7.705
9.79
21.815
1.045
1.2
2.3
9.79
9.6
0.955
9.525
33.825
47.615
2.27
36.49
81.75
41.705
17.89
16.495
49.39
50.745
19.03
14.995
67.835
35.85
17.12
10.155
86.485
6.505
10.41
6.77
21.62
0.545
2.035
1.6
16.545
4.955
3.33
3.97
49.21
25.94
7.59
16.03
41.07
37.75
2.795
21.645
28.13
66.745
8.15
23.585
56.495
52.045
16.36
15.05
78.105
10.655
10.675
11.195
20.075
4.385
6.03
3.21
26.835
9.35
18.47
1.865
72.96
20.775
25.82
9.285
7.735
14.185
0.445
6.275
10.895
33.45
2.545
9.95
47.85
47.035
5.695
28.18
65.025
96.305
8.405
57.305
21.3
157.05
32.235
25.735
24.41
117.18
62.805
2.535
52.115
65.675
55.57
3.14
